1 2  5.217257
1 3  73.88673
1 4  0.085891
1 5  0.445422
1 6  0.613985
1 7  0.713598
1 8  0.015419
1 9  10.5
1 10  280.0
1 11  33.0
1 12  20.0
1 13  111.0
1 14  74.0
1 15  110.0
1 16  0.0547
1 17  0.00101
1 18  6.0
1 19  13.0
10 20  1.999959
11 20  0.1999924
12 20  9.499484
14 20  1.440117
21 20  0.2131198
22 20  0.009545992
23 20  0.02771646
17 20  0.0000004560008
24 20  0.003898825
25 20  0.008164008
26 20  0.00004154908
27 20  0.00224752
28 20  0.000001213773
29 20  0.00000412874
30 20  0.000001892561
31 20  0.001244717
32 20  0.0000004530201
33 20  0.000175455
34 20  0.0000580193
35 20  0.0001261102
36 20  0.0003741038
37 20  0.0002614266
38 20  0.0002939244
39 20  0.0000001389171
40 20  0.01052429
41 20  0.00002806948
42 20  0.000001187774
43 20  0.003528868
44 20  0.001181968
45 20  0.00100656
46 20  0.00002635806
47 20  0.0000001774099
48 20  0.00009972789
49 20  0.002102994
50 20  0.002917869
51 20  0.000004233221
52 20  0.00000004399667
53 20  0.00000004458131
54 20  0.00000003116661
55 20  0.00000001175493
56 57  98.57725
58 57  131.7417
59 57  10.30372
60 57  1.777397
61 57  8.420456
62 57  0.1513523
63 57  10.1549
16 57  0.5433115
64 57  6.132217
65 57  92.30347999999999
66 57  8.355318
67 57  33.22267
68 57  0.2206373
69 57  0.01278341
70 57  0.02189327
71 57  0.784465
72 57  0.8166678
73 57  0.2955108
74 57  0.03431286
75 57  0.03052864
76 57  1.257247
77 57  1.003679
78 57  0.5748582
79 57  0.861082
80 57  0.06987687
81 57  0.1308636
82 57  0.179448
83 57  0.5268657
84 57  1.115689
85 57  0.5730832
21 57  0.8326603
86 57  0.03743321
22 57  0.0629234
87 57  0.03162219
88 57  0.2758961
89 57  0.008551728
23 57  0.1157726
17 57  0.002109508
24 57  0.00004533258
25 57  0.01711378
26 57  0.0006843972
27 57  0.0006438103
90 57  0.01680206
91 57  0.00008366405
92 57  0.2361102
28 57  0.001681519
29 57  0.005822259
93 57  0.01242945
30 57  0.006009595
94 57  0.001174507
31 57  0.009963437
32 57  0.003695391
95 57  0.000837232
96 57  0.09857345
97 57  0.0171028
33 57  0.0002803466
98 57  0.001466666
99 57  0.004999329
100 57  0.006930753
101 57  0.01069662
102 57  0.003262259
34 57  0.00002661256
35 57  0.0003491683
36 57  0.0002068915
37 57  0.004947244
38 57  0.0009863903
39 57  0.01046735
40 57  0.02019955
41 57  0.0001262605
42 57  0.06385782
43 57  0.01909301
44 57  0.003165733
45 57  0.00007413788
46 57  0.01735715
47 57  0.001707448
48 57  0.000003804362
49 57  0.00187912
50 57  0.01288548
103 57  0.006233581
104 57  0.06426146
105 57  0.004128098
51 57  0.008512392
52 57  0.01697898
53 57  0.02934476
54 57  0.0003020928
55 57  0.008161141
106 57  0.0000119914
107 57  0.0002819773
108 57  0.03080462
109 57  0.006901419
110 57  0.01493214
111 57  0.009545228
112 57  0.004525414
113 57  0.005417407
114 57  0.002620989
115 57  0.005259204
116 57  0.0005152674
117 57  0.0008054182
118 57  0.003662358
119 57  0.001205637
120 57  0.004377066
121 57  0.00004096508
122 57  0.0009972956
123 57  0.001301356
124 57  0.0006555936
125 57  0.000004699908
126 57  0.002133797
127 57  0.001764249
18 57  6.071713
128 57  306.6243
2 58  2.340257
2 59  0.1615289
2 60  0.1506389
2 61  0.7215227
2 62  0.013023
2 63  0.9649457
2 64  0.03353699
2 68  0.01649599
2 71  0.003484999
2 72  0.09257797
2 78  0.05561098
2 95  0.00001909999
2 97  0.0004379998
2 98  0.0000114
2 19  0.6631647
3 58  33.1427
3 59  2.287573
3 60  2.133343
3 61  10.2182
3 62  0.184435
3 63  13.66555
3 64  7.455268
3 68  0.293705
3 71  0.039153
3 72  0.895905
3 73  0.1405
3 76  0.365358
3 78  0.51865
3 79  0.100665
3 80  0.00736
3 81  0.020831
3 21  0.093853
3 87  0.005149
3 98  0.00038
3 42  0.011417
3 47  0.000167
3 49  0.000802
3 19  2.305766
4 60  0.002867085
4 61  0.01373199
4 62  0.0002481805
4 64  0.0100313
4 71  0.00006314592
4 98  0.000002431768
4 42  0.00001461062
4 47  0.000001280931
4 49  0.000001130822
4 19  0.05892985
5 58  0.1997986
5 59  0.01378997
5 60  0.01286097
5 61  0.06159987
5 62  0.001111998
5 63  0.08238181
5 64  0.0449439
5 68  0.001767996
5 69  0.001796996
5 72  0.00904698
5 78  0.005180988
5 19  0.01114197
6 59  0.02091016
6 60  0.01950015
6 61  0.09340271
6 62  0.001686013
6 64  0.06814753
6 68  0.001639013
6 69  0.002725021
6 72  0.1170259
6 78  0.005944046
6 21  0.08248563
6 95  0.00002900022
6 97  0.0006640051
6 98  0.00001730013
6 19  0.1998085
7 59  0.024303
7 60  0.022664
7 61  0.108556
7 62  0.001959
7 16  0.02926501
7 64  0.07920302
7 68  0.002907
7 72  0.015269
7 78  0.008741002
7 95  0.0000337
7 97  0.0007720001
7 98  0.0000202
7 19  0.4199051
8 59  0.0005830506
8 60  0.0005440472
8 61  0.002606226
8 62  0.00004700408
8 64  0.001711148
8 68  0.00004170362
8 71  0.00001130098
8 72  0.0001440125
8 78  0.00008380727
8 95  0.0000007280631
8 97  0.00001670145
8 98  0.0000004350377
8 19  0.009628835
9 65  2.896966
9 66  0.3121011
9 67  1.205648
9 71  0.006229603
9 73  0.1117817
9 76  0.3052129
9 77  0.01890461
9 79  0.3202118
9 80  0.04387799
9 81  0.1379949
9 82  0.1501049
9 84  0.2569416
9 21  0.0149429
9 87  0.02620607
9 98  0.000302319
9 55  0.00001333461
9 128  4.692561
10 82  0.08111634
10 83  0.3626406
10 85  0.007428848
10 21  0.2106247
10 88  0.193396
10 31  0.006725862
10 42  0.006390869
10 55  0.001920961
10 114  0.001117977
10 115  0.001052978
10 124  0.00242395
10 127  0.001142977
10 18  83.13721
10 128  110.8496
10 19  83.13721
11 82  0.008672672
11 83  0.04120844
11 85  0.0008439681
11 21  0.02393409
11 88  0.02197617
11 31  0.0007639711
11 42  0.0007259726
11 55  0.0002179918
11 114  0.0005079808
11 115  0.0004789819
11 127  0.0002599902
11 18  9.810125
11 128  13.08017
11 19  9.810125
12 82  0.007363601
12 83  0.02966939
12 85  0.000607967
12 21  0.01723206
12 88  0.01582314
12 31  0.0005499701
12 42  0.0005229716
12 55  0.0001569915
12 114  0.0003659801
12 115  0.0003449813
12 127  0.0003739797
12 18  3.128252
12 128  4.171001
12 19  3.128252
13 128  111.0
14 98  0.0004207199
14 42  0.02533371
14 47  0.0004454076
14 49  0.0009782508
14 55  0.0001861865
14 18  21.75976
14 128  29.01301
14 19  21.75976
15 71  0.612029
15 74  0.05881255
15 82  0.1574601
15 83  0.4335194
15 84  2.065216
15 85  0.05328769
15 21  0.1085303
15 86  0.06157349
15 88  0.02889929
15 31  0.007690812
15 98  0.001977951
15 41  0.00001349967
15 42  0.004357893
15 47  0.001569961
15 49  0.003097924
15 55  0.001309968
15 114  0.0007619812
15 115  0.0007179824
15 124  0.0008269797
15 127  0.0003899904
15 18  31.91939
15 128  42.55919
15 19  31.91939
56 58  26.01588
56 59  2.341136
56 60  0.782566
56 61  3.748304
56 62  0.06765579
56 63  4.915469
56 64  2.710913
56 68  0.02922151
56 72  0.2504139
56 18  26.98428
58 59  8.308995
58 60  1.402419
58 61  6.71725
58 62  0.1212441
58 63  9.304338
58 64  4.858165
58 68  0.03054776
58 72  0.09616339
58 78  0.1497201
58 18  119.8148
59 60  0.08488858
59 61  0.4065979
59 62  0.007339258
59 64  0.2940665
59 68  0.001848984
59 72  0.005820717
59 78  0.009539004
59 18  9.469094
60 16  0.06831508
60 69  0.002048419
60 70  0.001687234
60 71  0.0002936545
60 21  0.01047743
60 90  0.000614935
60 91  0.00002097532
60 92  0.01648558
60 31  0.0001432461
60 95  0.00002179387
60 96  0.001776251
60 97  0.0004993149
60 99  0.0007755753
60 100  0.0003529993
60 101  0.0007172536
60 102  0.00002117996
60 35  0.0000164733
60 36  0.000005729843
60 39  0.0001903127
60 40  0.001681095
60 43  0.0003253733
60 44  0.0001094809
60 104  0.007690268
60 105  0.0003929036
60 51  0.00009239373
60 54  0.000001074346
60 18  2.840403
61 16  0.3197658
61 69  0.009577885
61 70  0.0179882
61 71  0.001373608
61 21  0.04898831
61 90  0.002875487
61 91  0.00009817257
61 92  0.07713212
61 31  0.00001181707
61 95  0.0001020106
61 96  0.008310328
61 97  0.002334123
61 99  0.003990533
61 100  0.001649339
61 101  0.002288673
61 102  0.0005666133
61 35  0.0000525203
61 36  0.00002686616
61 39  0.0008877952
61 40  0.007858855
61 43  0.001523089
61 44  0.000513083
61 104  0.03001535
61 105  0.002520974
61 51  0.0004757128
61 54  0.00000344412
61 18  13.70643
62 16  0.005599047
62 69  0.0001669716
62 70  0.0001369767
62 71  0.00002389593
62 21  0.0008528549
62 90  0.00005009148
62 91  0.000001709709
62 92  0.001343771
62 31  0.000487917
62 95  0.000001779697
62 96  0.0001449753
62 97  0.00004069308
62 99  0.00006318925
62 100  0.00002869512
62 101  0.00003989321
62 102  0.00000986832
62 35  0.0000009138445
62 36  0.0000004669206
62 39  0.00001549736
62 40  0.0001369767
62 43  0.00002649549
62 44  0.000008928481
62 104  0.0006268933
62 105  0.00003199456
62 51  0.000007528719
62 54  0.00000005988981
62 18  0.2479468
63 16  0.2327974
63 69  0.006981906
63 70  0.00009519869
63 71  0.001001141
63 21  0.03570904
63 90  0.002095575
63 91  0.00007162472
63 92  0.06184604
63 31  0.0004363691
63 95  0.00007433321
63 96  0.006662904
63 97  0.00187087
63 99  0.002909127
63 100  0.0006610741
63 101  0.001834756
63 102  0.0002267113
63 35  0.00003821991
63 36  0.00001956137
63 39  0.00064703
63 40  0.002993392
63 43  0.001110484
63 44  0.0003741739
63 104  0.02196792
63 105  0.002018332
63 51  0.0003149883
63 54  0.000002507868
63 18  19.14843
16 70  0.005982061
16 90  0.00006679203
16 91  0.00007514105
16 92  0.03147262
16 31  0.000006825311
16 95  0.000001283659
16 96  0.02219687
16 97  0.00002932588
16 33  0.0000295346
16 99  0.001815908
16 51  0.00001252351
16 18  0.3652961
64 16  0.2537075
64 69  0.007195529
64 70  0.004847625
64 71  0.0009288294
64 78  0.0005925109
64 21  0.0003679472
64 90  0.00216024
64 91  0.0000738003
64 92  0.05214623
64 31  0.0005050049
64 95  0.00007664687
64 96  0.005038451
64 97  0.001578272
64 99  0.002453333
64 100  0.0005577193
64 101  0.001736415
64 102  0.0001918808
64 51  0.0002920383
64 18  9.497857
65 66  9.161333
65 67  33.0309
65 73  0.00477174
65 76  0.001437199
65 77  0.01734997
65 78  0.009262613
65 79  0.04701921
65 80  0.09821557
65 81  0.2779949
65 49  0.0004222955
65 128  49.67424
66 67  3.724224
66 73  0.0003322478
66 76  0.5372583
66 77  0.00120846
66 78  0.0007336703
66 79  0.003274265
66 80  0.006838855
66 81  0.02150702
66 49  0.00002945162
66 128  7.739161
67 71  0.026765
67 73  0.005237543
67 77  0.7617334
67 79  0.425774
67 85  0.01821349
67 21  0.2755237
67 22  0.05211704
67 87  0.01860005
67 91  0.00002194272
67 40  0.00805421
67 43  0.004263451
67 47  0.001610842
67 49  0.001414998
67 51  0.003440086
67 55  0.001305284
67 128  86.25223
68 71  0.1480688
68 90  0.002908563
68 39  0.002651776
68 41  0.000002264574
68 42  0.01026843
68 47  0.0006682516
68 52  0.004991162
68 55  0.0001081739
68 123  0.0002173587
68 125  0.00001617553
68 127  0.00003851798
68 18  0.07674076
69 46  0.0003818928
69 47  0.00002125134
69 52  0.000158859
69 128  0.0171473
70 71  0.06322218
70 39  0.00007245269
70 42  0.00730496
70 46  0.006909763
70 52  0.002013032
70 123  0.0001049741
70 125  0.0000001193823
70 128  0.01534988
71 77  0.04538731
71 22  0.006990653
71 29  0.003882127
71 47  0.0001946611
71 52  0.01813777
71 53  0.0004932087
71 55  0.0003933566
71 107  0.00000543639
71 123  0.0002551775
71 125  0.0000002904787
71 127  0.00007241796
71 128  0.2393413
72 71  0.05864134
72 75  0.01372629
72 77  0.09814812
72 85  0.06281197
72 88  0.02919842
72 89  0.001335651
72 23  0.01850008
72 17  0.0003940272
72 24  0.000229344
72 25  0.02752027
72 27  0.000638526
72 90  0.003074422
72 91  0.0000374831
72 29  0.0003081495
72 95  0.0005354729
72 96  0.013209
72 97  0.01224616
72 36  0.000281881
72 39  0.003712948
72 40  0.005748755
72 41  0.00006112472
72 42  0.0005718446
72 43  0.001792318
72 45  0.0001626625
72 47  0.00006769185
72 52  0.0001131565
72 53  0.005140539
72 55  0.000002465195
72 107  0.000006647946
72 110  0.0003384592
72 111  0.0002182304
72 112  0.0001667038
72 113  0.0001171978
72 114  0.0001555902
72 115  0.000647619
72 116  0.00001070946
72 118  0.0002647054
72 119  0.00009638511
72 120  0.0002707674
72 123  0.0008314983
72 125  0.0000009466755
72 126  0.00003404799
72 127  0.00008850456
72 128  0.652121
73 71  0.003725924
73 75  0.02564019
73 85  0.03620546
73 22  0.007063561
73 17  0.00002282842
73 24  0.00001589836
73 25  0.001752896
73 27  0.00004066312
73 90  0.006113735
73 91  0.0000697082
73 29  0.0001243334
73 95  0.00006196286
73 96  0.01873866
73 97  0.001417604
73 101  0.0005554236
73 36  0.00001630601
73 39  0.0005207732
73 40  0.0003332541
73 41  0.000003546558
73 42  0.0004412815
73 45  0.00002068825
73 52  0.0007327514
73 53  0.002039271
73 55  0.00001589836
73 110  0.0002150356
73 111  0.0001386011
73 112  0.0001059891
73 113  0.00007449809
73 114  0.00009875329
73 115  0.000412746
73 116  0.000006797569
73 118  0.0001691749
73 119  0.00006135138
73 120  0.0001722323
73 123  0.0001589836
73 125  0.0000001803853
73 127  0.000005635766
73 128  0.09465742
74 17  0.00000333023
74 24  0.000002108798
74 25  0.00025577
74 27  0.000005940129
74 90  0.0008925853
74 91  0.0000101786
74 29  0.00004927488
74 96  0.002736217
74 39  0.00007610464
74 40  0.00004854411
74 41  0.0000005167599
74 42  0.00006441228
74 45  0.00001513741
74 52  0.0001064839
74 53  0.0002975284
74 55  0.00000231759
74 112  0.000015555
74 114  0.00001440664
74 115  0.00006023646
74 118  0.00002463744
74 119  0.000008967611
74 120  0.00002515942
74 123  0.0000231759
74 128  0.01976111
75 17  0.000002832586
75 24  0.000002095906
75 25  0.0002189288
75 27  0.000005063377
75 90  0.0007605441
75 91  0.000008674146
75 29  0.00004202188
75 36  0.000002033652
75 39  0.00006484858
75 40  0.00004139933
75 41  0.0000004409704
75 42  0.00005488784
75 45  0.00001286596
75 52  0.0007460181
75 53  0.0002542064
75 55  0.000001981773
75 114  0.00001224341
75 115  0.00005136008
75 118  0.00002095906
75 119  0.000007636569
75 120  0.00002137409
75 123  0.00001981773
75 128  0.01827381
76 77  0.1388486
76 85  0.09129722
76 88  0.01421771
76 25  0.009834493
76 27  0.0002282071
76 29  0.002021997
76 93  0.00002713814
76 96  0.004360606
76 36  0.00009148844
76 39  0.00843955
76 40  0.01106599
76 41  0.00002672696
76 42  0.01228721
76 43  0.002565788
76 47  0.00002199834
76 104  0.01143091
76 105  0.001168791
76 51  0.0009580586
76 52  0.004109784
76 53  0.0002539061
76 55  0.00008922692
76 110  0.0002415706
76 111  0.0001552219
76 112  0.0001192434
76 113  0.00008357314
76 114  0.00002775492
76 115  0.000231291
76 116  0.000003813731
76 118  0.0001891446
76 119  0.0001151315
76 120  0.0003217515
76 123  0.0002970804
76 125  0.0000003381988
76 127  0.00003166117
76 128  0.8364037
77 85  0.1992266
77 88  0.01395364
77 25  0.008774941
77 27  0.0002039261
77 29  0.001292891
77 93  0.00002661236
77 96  0.00388989
77 36  0.00008157044
77 39  0.007529972
77 40  0.00888608
77 41  0.00002385935
77 42  0.01096307
77 43  0.002289071
77 47  0.00001967887
77 104  0.01019834
77 105  0.001043082
77 51  0.0008850393
77 52  0.003666591
77 53  0.000226358
77 55  0.00007963314
77 107  0.00001060416
77 110  0.0002161617
77 111  0.0001386698
77 112  0.0001060416
77 113  0.00007453499
77 114  0.00002477702
77 115  0.000206985
77 116  0.000003405566
77 118  0.0001692587
77 119  0.0001029827
77 120  0.0002875358
77 123  0.0002651039
77 125  0.0000003018106
77 127  0.00002824376
77 128  0.3098769
78 77  0.1280847
78 88  0.01285363
78 25  0.004534391
78 27  0.0001053576
78 29  0.0009672831
78 93  0.00001254257
78 96  0.002009822
78 97  0.001003406
78 36  0.00004214304
78 39  0.004894613
78 40  0.005101315
78 41  0.00001234189
78 42  0.005664225
78 43  0.002186421
78 47  0.0000101344
78 104  0.009810298
78 105  0.0009943751
78 51  0.0004404951
78 52  0.001883392
78 53  0.0001284359
78 55  0.00004093896
78 107  0.000005478596
78 110  0.000111378
78 111  0.00007174351
78 112  0.00005508697
78 113  0.00003853078
78 114  0.00001274325
78 115  0.000106361
78 116  0.00000175596
78 118  0.0000872963
78 119  0.00005297982
78 120  0.0001485041
78 123  0.0001374666
78 125  0.0000001555279
78 127  0.00001454938
78 128  0.1883804
79 77  0.07588175
79 21  0.004346227
79 22  0.008220548
79 25  0.002269639
79 27  0.0000527063
79 90  0.004732331
79 91  0.0000003513753
79 29  0.007457533
79 95  0.00008028518
79 96  0.01799675
79 97  0.0003146035
79 36  0.0000211438
79 39  0.0003666969
79 40  0.0001266585
79 42  0.04191377
79 43  0.0001348301
79 46  0.00205718
79 47  0.00002543385
79 49  0.00002022451
79 51  0.0002706816
79 53  0.0006077567
79 55  0.00002063308
79 110  0.0002788531
79 111  0.0001797734
79 112  0.0001378944
79 113  0.00009642392
79 118  0.0002185881
79 119  0.00007957016
79 120  0.0002226739
79 127  0.000007293081
79 128  0.2572936
80 70  0.0007270331
80 71  0.00008465034
80 77  0.01896413
80 21  0.0005514015
80 22  0.001149774
80 88  0.02510102
80 25  0.005557923
80 27  0.000006667874
80 90  0.0005238314
80 91  0.00000528937
80 29  0.003892486
80 95  0.00001019072
80 96  0.01187045
80 97  0.003103165
80 33  0.000001092592
80 100  0.00008240389
80 101  0.001279456
80 102  0.00002828485
80 36  0.00000268553
80 39  0.003925162
80 40  0.000448269
80 41  0.000001480615
80 42  0.002508877
80 43  0.00001868638
80 45  0.0008168911
80 46  0.0002899964
80 49  0.000002828486
80 103  0.0003849599
80 104  0.01471629
80 105  0.0002808063
80 51  0.00006882307
80 53  0.002726374
80 55  0.001024177
80 128  0.04050963
81 70  0.02695786
81 71  0.0006990546
81 77  0.01889788
81 85  0.160228
81 22  0.01281295
81 88  0.03926
81 17  0.00125667
81 90  0.002498077
81 91  0.00002442112
81 92  0.008337778
81 93  0.00002981412
81 32  0.002256918
81 95  0.0001149828
81 96  0.003650958
81 97  0.002639516
81 33  0.00001241407
81 99  0.00217348
81 100  0.005262751
81 101  0.004223837
81 102  0.001807163
81 39  0.0008720375
81 40  0.003433203
81 41  0.00001129477
81 42  0.02298943
81 43  0.00103281
81 44  0.0004863873
81 45  0.0000949371
81 46  0.002430919
81 49  0.00002157199
81 103  0.003223588
81 104  0.002805376
81 105  0.0002869482
81 51  0.000576949
81 53  0.001294319
81 55  0.002064602
81 127  0.000007010896
81 128  0.163302
82 70  0.007273769
82 71  0.0009412635
82 77  0.05132065
82 85  0.03032814
82 22  0.005572604
82 88  0.02044437
82 90  0.002749827
82 91  0.00002684982
82 92  0.008070145
82 93  0.00003647523
82 32  0.001985874
82 95  0.0002097326
82 96  0.005556393
82 97  0.004310156
82 33  0.00002249306
82 99  0.0003059866
82 100  0.006771221
82 101  0.006112641
82 102  0.00290586
82 39  0.0009605143
82 40  0.003576599
82 41  0.00001246237
82 42  0.02079291
82 43  0.001136811
82 44  0.000423518
82 45  0.0001043597
82 46  0.001663676
82 49  0.0000237089
82 103  0.002536041
82 104  0.003089249
82 105  0.0003161186
82 51  0.0006352769
82 53  0.0003049735
82 55  0.001037518
82 127  0.0000094329
82 128  0.1720496
83 70  0.0159957
83 71  0.001862013
83 77  0.07432944
83 22  0.02116952
83 27  0.000136074
83 90  0.005147801
83 91  0.000005753131
83 92  0.01675912
83 95  0.0002071127
83 97  0.000810441
83 33  0.00002221209
83 99  0.0006063299
83 100  0.00008074394
83 101  0.001393758
83 102  0.00002771508
83 36  0.00005432956
83 37  0.003008637
83 39  0.003055663
83 40  0.008311522
83 41  0.00002741492
83 42  0.001016553
83 43  0.00250036
83 45  0.0001150626
83 46  0.005297882
83 49  0.00005222842
83 103  0.003902123
83 51  0.00069838
83 55  0.00005302885
83 127  0.00001871018
83 128  0.1735064
84 70  0.02286267
84 85  0.1877307
84 89  0.0002657279
84 23  0.003685968
84 27  0.0001942632
84 90  0.002857582
84 91  0.000177152
84 92  0.02000207
84 28  0.001593361
84 29  0.0001318574
84 93  0.0009542048
84 30  0.004138914
84 94  0.001275293
84 32  0.003174643
84 95  0.0002959243
84 96  0.0307419
84 97  0.001158534
84 33  0.00006965293
84 99  0.0001248116
84 100  0.0004781089
84 101  0.002938105
84 102  0.0001640668
84 34  0.00001781585
84 35  0.0002023156
84 36  0.00007770528
84 37  0.002058385
84 38  0.0006351299
84 39  0.0006864638
84 40  0.003267246
84 41  0.00001670865
84 42  0.0001016611
84 43  0.008081551
84 44  0.001967796
84 45  0.0002466036
84 46  0.003785616
84 103  0.001023656
84 51  0.0009793685
84 53  0.001690996
84 54  0.0000132864
84 55  0.0001187723
84 106  0.0000005878224
84 107  0.00001002519
84 108  0.0009713161
84 109  0.0002194268
84 110  0.001020637
84 111  0.000657274
84 112  0.000504279
84 113  0.0003522908
84 114  0.0002335185
84 115  0.0009773553
84 116  0.00001610472
84 118  0.0007991968
84 119  0.0002908915
84 120  0.0008153016
84 121  0.000003090094
84 122  0.0002737803
84 123  0.001505791
84 125  0.000001711127
84 126  0.00001026676
84 127  0.00002667345
84 18  0.8877929
85 70  0.01130595
85 89  0.001788765
85 23  0.02477111
85 24  0.000002122792
85 25  0.004134242
85 27  0.00009594189
85 90  0.002828309
85 91  0.0001748182
85 92  0.009900121
85 28  0.003784606
85 29  0.0002861607
85 93  0.0004724253
85 30  0.002048911
85 94  0.0006316348
85 95  0.00002924042
85 96  0.003042669
85 97  0.0006690958
85 33  0.00003444335
85 99  0.0000616026
85 100  0.0002362127
85 101  0.0007273686
85 102  0.00008116559
85 34  0.000008803345
85 35  0.0001003123
85 36  0.00003850163
85 37  0.002127995
85 38  0.0006566088
85 39  0.0003735698
85 40  0.005290332
85 41  0.00001248701
85 42  0.00005046835
85 43  0.004399591
85 44  0.004235179
85 45  0.0001623312
85 46  0.003053075
85 103  0.0007429774
85 51  0.0007898036
85 53  0.004849124
85 54  0.000006576494
85 55  0.00007773166
85 106  0.0000002913636
85 107  0.000004963588
85 108  0.00048075
85 109  0.0001082208
85 110  0.0005046835
85 111  0.0003257029
85 112  0.0002497403
85 113  0.0001748182
85 114  0.0001155049
85 115  0.0004838718
85 116  0.000007970877
85 118  0.0003954221
85 119  0.0001436007
85 120  0.0004037468
85 121  0.000001529659
85 122  0.000135276
85 123  0.0007450585
85 125  0.0000008480764
85 126  0.000005078052
85 127  0.00001321542
85 128  0.228964
21 24  0.00008062297
21 25  0.006068471
21 27  0.0001406097
21 90  0.001037882
21 91  0.00006433652
21 92  0.003632586
21 28  0.002417678
21 29  0.0002205246
21 93  0.0006929326
21 30  0.003006417
21 94  0.0009266078
21 96  0.004466128
21 33  0.00005057902
21 99  0.00002488488
21 100  0.0003469721
21 101  0.001067217
21 102  0.0001193665
21 34  0.00001426329
21 35  0.0001476908
21 36  0.00005644619
21 37  0.003435328
21 38  0.001060136
21 39  0.0004987092
21 40  0.002373168
21 41  0.00001213897
21 42  0.00008153339
21 43  0.005870202
21 44  0.002680688
21 45  0.0003935048
21 46  0.006110958
21 103  0.001487023
21 51  0.001739918
21 54  0.000009650478
21 55  0.00006059367
21 106  0.0000003500068
21 107  0.000005968325
21 108  0.0005786241
21 109  0.0001304939
21 110  0.0006079599
21 111  0.0003914817
21 112  0.0003004394
21 113  0.0002104087
21 114  0.0001395981
21 115  0.0005816588
21 116  0.000009599898
21 118  0.0004764544
21 119  0.0001729803
21 120  0.0004855586
21 121  0.000001841076
21 122  0.0001628645
21 123  0.000897272
21 125  0.000001021696
21 126  0.000006109946
21 127  0.00001588181
21 128  0.2213267
86 70  0.0002219953
86 27  0.000002599945
86 90  0.001228974
86 91  0.00007619838
86 92  0.002150954
86 28  0.00003579924
86 30  0.00004449906
86 94  0.00001369971
86 95  0.000003159933
86 96  0.000328993
86 97  0.00007229846
86 33  0.0000007449842
86 99  0.00001339972
86 100  0.00002529946
86 101  0.00003109934
86 102  0.000008669816
86 37  0.00004599903
86 38  0.0000141997
86 39  0.000007349844
86 40  0.00003499926
86 43  0.00008639817
86 44  0.00001989958
86 45  0.000005269888
86 46  0.0000899981
86 103  0.00002189953
86 51  0.0000232995
86 18  0.01953259
22 17  0.0001105752
22 24  0.000007202607
22 25  0.0006431624
22 26  0.00005620063
22 27  0.00001491244
22 29  0.00015724
22 34  0.00000136951
22 43  0.001801666
22 46  0.0002657864
22 53  0.0004960669
22 106  0.00000004524455
22 107  0.0000007719979
22 112  0.0000388535
22 113  0.00002718731
22 118  0.00006157723
22 119  0.00002241938
22 120  0.00006279457
22 122  0.00002099915
22 123  0.0001156475
22 125  0.0000001318787
22 128  0.03872264
87 89  0.0005540386
87 23  0.007669492
87 24  0.000006062678
87 25  0.0001863864
87 26  0.00002068684
87 27  0.002344167
87 28  0.0000741449
87 29  0.0002293986
87 93  0.004893154
87 30  0.00009216909
87 94  0.0000283676
87 96  0.001148017
87 97  0.00001290367
87 33  0.000005151227
87 34  0.0000003963271
87 36  0.000001730731
87 42  0.0009452451
87 46  0.0001874105
87 103  0.00009411488
87 52  0.00007772927
87 53  0.006093401
87 112  0.00001669285
87 114  0.000007772926
87 115  0.000032464
87 118  0.00002652422
87 119  0.000009667514
87 120  0.00002713867
87 122  0.000009083776
87 123  0.00005007854
87 125  0.00000005694001
87 128  0.01740152
88 85  0.02472333
88 89  0.008983086
88 23  0.1244311
88 17  0.00002309435
88 24  0.00004443601
88 25  0.002717711
88 26  0.0003361053
88 27  0.00007000476
88 28  0.001203175
88 29  0.00236614
88 93  0.004926108
88 30  0.001495978
88 94  0.0004608561
88 96  0.01862291
88 97  0.00008371703
88 33  0.00008361393
88 34  0.000006433427
88 36  0.00002804314
88 40  0.0008227364
88 41  0.000006031338
88 42  0.000509313
88 43  0.004272455
88 46  0.00124957
88 103  0.001533094
88 51  0.003462091
88 52  0.001261942
88 53  0.003404355
88 55  0.00002742454
88 106  0.0000002123856
88 107  0.000003618803
88 110  0.0003690973
88 111  0.0002371295
88 112  0.0001824866
88 113  0.0001278437
88 114  0.00008454183
88 115  0.0003536323
88 116  0.000005825138
88 118  0.0002886794
88 119  0.0001051618
88 120  0.0002948654
88 121  0.000001113478
88 122  0.0000987696
88 123  0.0005443669
88 125  0.0000006196298
88 127  0.000009650141
88 128  0.1462708
89 24  0.0004488988
89 25  0.00007999871
89 26  0.000008895609
89 28  0.0000317112
89 29  0.00009863418
89 93  0.0001297276
89 30  0.00003933012
89 94  0.0000121491
89 33  0.000002203311
89 34  0.0000001688518
89 36  0.0000007392416
89 46  0.00003655025
89 52  0.00003315262
89 53  0.001410531
89 119  0.000002769582
89 128  0.002722221
23 24  0.0002265247
23 25  0.0005104494
23 26  0.00007236491
23 27  0.00001178749
23 28  0.0002029497
23 29  0.0006293493
23 93  0.000833324
23 30  0.0002531747
23 94  0.0000778999
23 33  0.00001414498
23 34  0.000001086499
23 36  0.000004745744
23 46  0.0002111497
23 52  0.0002131997
23 53  0.003408121
23 106  0.00000008230739
23 107  0.000001404248
23 112  0.00007051991
23 113  0.00004930244
23 114  0.00003269746
23 115  0.0001363248
23 116  0.000002254997
23 118  0.0001117249
23 119  0.00004069245
23 120  0.0001137749
23 121  0.0000004325495
23 122  0.00003823245
23 123  0.0002111497
23 125  0.0000002398497
23 128  0.03753853
17 24  0.00001513277
17 26  0.000001997526
17 29  0.00002209385
17 34  0.00000003995052
17 46  0.00000862568
17 53  0.0000006708863
17 128  0.0006648331
24 18  0.0007539217
25 117  0.00007592345
25 18  0.01655172
25 128  0.03315426
26 50  0.00006146433
26 117  0.000003892067
26 122  0.00002911468
26 18  0.0006015012
27 50  0.00004652575
27 18  0.001401894
90 24  0.000008852365
90 26  0.0000241164
90 32  0.0008251877
90 33  0.00002285731
90 34  0.0000004629574
90 35  0.00003951603
90 36  0.000002024228
90 37  0.000111381
90 38  0.00003447967
90 44  0.0002421325
90 48  0.000001811151
90 50  0.005697862
90 54  0.000002595661
90 106  0.0000005414083
90 107  0.00001055698
90 108  0.001883791
90 109  0.0003622303
90 110  0.0003864435
90 111  0.0002353528
90 112  0.0001026642
90 113  0.0001336572
90 116  0.00002353528
90 118  0.00003806323
90 119  0.000006227649
90 120  0.0000531723
90 121  0.000001220348
90 126  0.0001016957
90 18  0.01806309
91 24  0.0000001380351
91 26  0.0000003761721
91 32  0.00001285518
91 33  0.0000003561517
91 35  0.0000006153628
91 36  0.00000003140036
91 37  0.000001801833
91 38  0.0000005553017
91 44  0.000003761721
91 48  0.00000002823925
91 50  0.000008882719
91 54  0.00000004035684
91 18  0.0009314737
92 24  0.00004502592
92 26  0.0001186494
92 28  0.001905489
92 93  0.004001628
92 32  0.008240554
92 33  0.0001125648
92 34  0.00003295816
92 35  0.0001936926
92 36  0.000009897589
92 37  0.0006023737
92 38  0.0001855798
92 43  0.002479468
92 44  0.003331309
92 45  0.00006906002
92 48  0.0001115507
92 50  0.002790796
92 54  0.000521246
92 106  0.000001328467
92 107  0.00005151614
92 108  0.009227271
92 109  0.0005912187
92 110  0.003785625
92 111  0.001154043
92 112  0.0005040063
92 113  0.0006551067
92 116  0.00005770213
92 118  0.0001865939
92 119  0.00003052433
92 120  0.000260623
92 121  0.000005952752
92 126  0.0003326239
92 18  0.0315729
28 93  0.0005762953
28 44  0.0003187387
28 106  0.0000001865065
28 107  0.000001815725
28 108  0.000649319
28 109  0.0001243377
28 116  0.000008111554
28 117  0.000011743
28 122  0.00002190712
28 18  0.00887929
29 75  0.006871779
29 24  0.0000141827
29 26  0.00002269232
29 45  0.0000119765
29 110  0.0004927174
29 117  0.00002164174
29 122  0.0000808939
29 126  0.0000650303
29 18  0.01278334
93 24  0.0005211425
93 27  0.00001391687
93 28  0.000238857
93 30  0.0002970907
93 94  0.00001164675
93 34  0.000001283116
93 36  0.000001855583
93 106  0.0000001273246
93 108  0.000884363
93 109  0.0001135064
93 110  0.0003632205
93 116  0.000005527269
93 117  0.0000159896
93 122  0.00005961554
93 126  0.0000478701
93 128  0.01029059
30 24  0.002860716
30 27  0.00000451742
30 28  0.00007760452
30 29  0.0004945386
30 34  0.0000004146516
30 37  0.00009985875
30 38  0.00003090866
30 44  0.0002168362
30 45  0.00001150753
30 51  0.0004298682
30 55  0.00001046139
30 106  0.0000001436064
30 107  0.000001388512
30 108  0.0009966855
30 109  0.00009605461
30 111  0.00006229284
30 113  0.00003537853
30 116  0.000006229284
30 117  0.000008977779
30 122  0.00003357156
30 126  0.00004498399
30 128  0.003261102
94 24  0.000004390299
94 27  0.00000250288
94 29  0.0004092825
94 34  0.0000002297726
94 45  0.000006359778
94 51  0.0004349267
94 55  0.0000009826883
94 117  0.000003897929
94 122  0.00001456594
94 128  0.001614563
31 32  0.00007420794
31 35  0.00002128371
31 48  0.0000009786706
31 50  0.0003069035
31 54  0.000001396744
31 106  0.0000002052358
31 107  0.000001985846
31 108  0.0007126243
31 109  0.0001368239
31 116  0.000008912554
31 117  0.00002565447
31 122  0.00004807838
31 18  0.004774583
32 35  0.00007787768
32 48  0.000003570976
32 50  0.001122578
32 54  0.000005109535
32 106  0.0000004330759
32 107  0.000004207294
32 108  0.0007540839
32 109  0.0001927947
32 110  0.0003096113
32 116  0.00001880461
32 117  0.00002716221
32 122  0.00005081043
32 126  0.00002725719
32 18  0.01361245
95 70  0.00001824603
95 24  0.00000236677
95 26  0.000004128815
95 32  0.00006975195
95 37  0.0000188716
95 38  0.000005838728
95 44  0.0000408711
95 45  0.000002168671
95 50  0.0001167746
95 111  0.0000216867
95 18  0.0007705036
96 70  0.0006682312
96 24  0.00004871494
96 26  0.0001486052
96 28  0.00001082554
96 93  0.002679814
96 30  0.002968167
96 94  0.0001013664
96 32  0.002530225
96 34  0.000002834324
96 35  0.0002420985
96 36  0.000006190242
96 37  0.0006849616
96 38  0.0002115901
96 43  0.003102994
96 44  0.003450396
96 45  0.00007853439
96 48  0.00001112078
96 50  0.003490745
96 54  0.00001584466
96 55  0.00001318748
96 106  0.000001663197
96 107  0.00006446118
96 108  0.006068209
96 109  0.001479163
96 110  0.002368825
96 111  0.002886483
96 112  0.001262652
96 113  0.001640562
96 114  0.00004162913
96 115  0.00009939816
96 116  0.00007213747
96 118  0.0004664825
96 119  0.00007636928
96 120  0.0006524849
96 121  0.00001486052
96 123  0.00006485484
96 126  0.0002086377
96 18  0.04999038
97 24  0.00001344317
97 26  0.00003375299
97 93  0.0006112289
97 32  0.00007553319
97 34  0.0000006470128
97 35  0.00005522337
97 36  0.000002824032
97 37  0.0001566758
97 38  0.00004826
97 43  0.000749529
97 44  0.0003375299
97 45  0.00001789199
97 48  0.000002533892
97 50  0.0007959515
97 54  0.000003626753
97 106  0.0000003781495
97 107  0.00001470044
97 108  0.000439079
97 109  0.0001682814
97 110  0.000359774
97 111  0.0006586185
97 112  0.000288206
97 113  0.000374281
97 114  0.000009487588
97 115  0.00002272766
97 116  0.00001644128
97 118  0.0001063848
97 119  0.00001740842
97 120  0.0001489387
97 121  0.000003394641
97 123  0.00001479716
97 126  0.0000474863
97 18  0.01338707
33 122  0.000004472196
33 126  0.000003594921
33 18  0.0001077523
98 34  0.00000005023233
98 37  0.00001209115
98 38  0.000003735476
98 40  0.0002162644
98 43  0.00005495082
98 50  0.00006183196
98 107  0.000000733333
98 111  0.00003283287
98 112  0.00001435209
98 113  0.00001867738
98 121  0.0000001700625
98 18  0.001250402
99 75  0.002948422
99 26  0.00001406336
99 32  0.0005820669
99 34  0.0000002832205
99 35  0.00002422023
99 36  0.000002470854
99 48  0.000001113349
99 50  0.0003486542
99 54  0.000001582128
99 106  0.000000116218
99 107  0.000004511995
99 108  0.0002021608
99 109  0.000103522
99 110  0.0001103583
99 111  0.0002021608
99 112  0.00008838431
99 113  0.0001152414
99 116  0.000005049137
99 118  0.00003271685
99 119  0.00000535189
99 120  0.00004570592
99 121  0.000001044986
99 126  0.00004375267
99 18  0.005435879
100 26  0.000004703869
100 34  0.0000002654945
100 37  0.00009292307
100 38  0.00001981589
100 43  0.0002905048
100 106  0.0000001548718
100 107  0.000006021723
100 108  0.001079293
100 109  0.0002077783
100 110  0.0002212454
100 111  0.0002703042
100 112  0.0001183182
100 113  0.0001529479
100 116  0.000006743175
100 118  0.00004367192
100 119  0.000007137569
100 120  0.00006098678
100 121  0.000001394808
100 126  0.00001952731
100 18  0.00699905
101 26  0.00002030876
101 34  0.0000003881675
101 37  0.0001240535
101 38  0.00002891247
101 43  0.0004241831
101 106  0.000000227098
101 107  0.000008813803
101 108  0.0007903411
101 109  0.0001010436
101 110  0.0006482797
101 111  0.0003951706
101 112  0.0001730747
101 113  0.0002240967
101 115  0.00001360587
101 116  0.000009874261
101 118  0.00006392758
101 119  0.00001040449
101 120  0.00008923851
101 121  0.000002040881
101 126  0.0000285123
101 18  0.01109279
102 26  0.000005142632
102 34  0.00000009948731
102 37  0.0003396871
102 38  0.00000742474
102 43  0.000109373
102 106  0.00000005815696
102 107  0.000002261075
102 109  0.00002597608
102 111  0.0001012751
102 112  0.00004427501
102 113  0.00005763113
102 116  0.000002534508
102 118  0.00001640594
102 119  0.000002681741
102 120  0.00002292625
102 121  0.0000005226765
102 18  0.002158012
34 18  0.00001144732
35 117  0.000003296617
35 122  0.00001228916
35 126  0.000008261049
35 18  0.0009480212
36 122  0.000007426106
36 18  0.0003048402
37 26  0.000004951045
37 50  0.0003497091
37 106  0.0000001957611
37 107  0.000003801186
37 108  0.0003402061
37 109  0.0001748546
37 110  0.0001862581
37 116  0.000008514657
37 117  0.00002451765
37 122  0.00002299718
37 126  0.00002461268
37 18  0.007699301
38 117  0.000006396592
38 122  0.00002391249
38 18  0.001980752
39 24  0.000008403026
39 26  0.00005663542
39 34  0.000000522639
39 35  0.00004468661
39 36  0.000002282903
39 37  0.0001058878
39 38  0.0000327378
39 40  0.0003876078
39 43  0.0004808668
39 44  0.0002292617
39 45  0.0000121431
39 50  0.0005410966
39 55  0.00000205947
39 106  0.000000513896
39 107  0.00001000591
39 110  0.0003672074
39 111  0.0004478375
39 112  0.0001952611
39 113  0.0002545194
39 115  0.00001544602
39 116  0.00002234331
39 117  0.00003225208
39 118  0.00007237288
39 119  0.00001185167
39 120  0.0001010306
39 121  0.000002312046
39 122  0.00006032692
39 123  0.00001000591
39 126  0.0001612604
39 18  0.01755018
39 128  0.008763433
40 24  0.00002160846
40 26  0.00005649208
40 34  0.0000002170536
40 106  0.000001104648
40 107  0.00001065888
40 108  0.001914723
40 109  0.000736432
40 110  0.0005232543
40 116  0.00004786808
40 117  0.00006899204
40 122  0.00008604627
40 126  0.0003459292
40 18  0.04610549
41 26  0.000004132161
41 18  0.000085878
42 24  0.00004210321
42 26  0.0001149147
42 93  0.001873399
42 34  0.000002201727
42 35  0.0001883056
42 36  0.000001921683
42 37  0.0005320841
42 38  0.0001641639
42 50  0.002711601
42 54  0.00001236057
42 106  0.000002578338
42 107  0.00002501085
42 108  0.004483605
42 109  0.001723721
42 110  0.001226401
42 111  0.001121143
42 113  0.0006373421
42 116  0.0001120177
42 117  0.0001612669
42 122  0.0001506445
42 126  0.0003234994
42 18  0.1078238
43 26  0.000017366
43 50  0.001226174
43 106  0.0000008913269
43 107  0.000008663811
43 108  0.001551427
43 109  0.0005967764
43 110  0.0004240758
43 116  0.00003876168
43 117  0.0000559358
43 122  0.00004183192
43 126  0.0001679033
43 18  0.03076756
44 50  0.0006278889
44 106  0.0000002305293
44 116  0.00001000982
44 117  0.00005773342
44 122  0.000216374
44 126  0.00005783453
44 18  0.01468714
45 117  0.000002884821
45 122  0.00001079286
45 18  0.001344569
46 117  0.00004414181
46 122  0.0006594807
46 126  0.0001323196
46 18  0.0158106
47 26  0.000003881455
47 50  0.00009184149
47 54  0.0000004175504
47 106  0.00000008752877
47 107  0.0000008498033
47 108  0.0006194645
47 109  0.00005851587
47 116  0.000003803041
47 117  0.000005488926
47 122  0.00008213785
47 126  0.00002744463
47 18  0.002222035
48 18  0.00003288866
49 24  0.00001833535
49 26  0.0001995615
49 34  0.0000002390686
49 40  0.0004041881
49 43  0.001046432
49 50  0.0001965225
49 117  0.000007800121
49 122  0.00002917448
49 126  0.0000391019
49 18  0.004079362
49 128  0.002037148
50 117  0.0000605662
50 122  0.0002262807
50 126  0.00003033125
50 18  0.01097414
103 70  0.00005618622
103 24  0.000004604953
103 27  0.000002616231
103 28  0.00004508413
103 30  0.00005039383
103 94  0.00001554292
103 34  0.0000002413497
103 36  0.000001052285
103 43  0.0002645193
103 50  0.0002963775
103 51  0.0004151216
103 55  0.000001129517
103 106  0.0000001409483
103 107  0.000005473812
103 108  0.0002452114
103 109  0.00006284747
103 110  0.0002017684
103 111  0.0002452114
103 112  0.0001071593
103 113  0.0001390175
103 116  0.000006130284
103 118  0.0000396779
103 119  0.000006487481
103 120  0.0000554139
103 121  0.000001264673
103 126  0.0000176668
103 18  0.006429557
104 27  0.00001664185
104 28  0.0002850156
104 93  0.001441337
104 30  0.000319447
104 94  0.00009851211
104 33  0.000009755568
104 34  0.000001520721
104 36  0.000006656741
104 37  0.0003682249
104 38  0.000113815
104 43  0.001668967
104 44  0.0007967047
104 45  0.00004217849
104 50  0.002816681
104 51  0.002626352
104 106  0.0000008923476
104 107  0.0000346227
104 108  0.001034855
104 109  0.0003978742
104 110  0.0008493083
104 111  0.00155324
104 112  0.0006790641
104 113  0.0008827832
104 114  0.00002238042
104 115  0.00005355998
104 116  0.00003883099
104 118  0.0002515406
104 119  0.00004112642
104 120  0.0003510092
104 121  0.000008014868
104 123  0.00003490963
104 126  0.0001119021
104 18  0.01556587
104 128  0.01556587
105 70  0.00004568833
105 27  0.000002137188
105 28  0.0002830587
105 93  0.000185223
105 30  0.00004103401
105 94  0.00001263316
105 33  0.00007503905
105 34  0.0000001956714
105 36  0.0000008558251
105 37  0.00006174099
105 38  0.00001909221
105 43  0.0002146687
105 44  0.000102585
105 45  0.000005423709
105 50  0.001058146
105 51  0.0004397858
105 106  0.0000001073343
105 107  0.000004160393
105 108  0.0001244318
105 109  0.00004768304
105 110  0.0001016352
105 111  0.0001861728
105 112  0.00008140312
105 113  0.0001054346
105 116  0.000004654321
105 118  0.00003011061
105 119  0.000004929781
105 120  0.00004207886
105 121  0.00000095936
105 18  0.00082258
105 128  0.00082258
51 75  0.001968008
51 26  0.00002082393
51 28  0.0000746924
51 34  0.0000004008362
51 55  0.00000186731
51 106  0.0000004047468
51 107  0.000007870077
51 108  0.00140977
51 109  0.0002708088
51 110  0.0002893842
51 116  0.00001759769
51 117  0.00005083776
51 122  0.00009502751
51 126  0.00002541888
51 18  0.002906551
51 128  0.0052402
52 26  0.00004645185
52 93  0.0008396687
52 43  0.000972248
52 45  0.00002455171
52 50  0.001094025
52 54  0.000004979088
52 106  0.0000003466702
52 107  0.000006746812
52 108  0.002416871
52 109  0.0003093516
52 110  0.0009918894
52 116  0.00001512386
52 117  0.00004350564
52 122  0.0001630234
52 126  0.0001306151
52 18  0.01420661
53 48  0.000003659218
53 50  0.001152013
53 54  0.000005237317
53 106  0.0000002741947
53 107  0.000005316223
53 108  0.0009527776
53 109  0.0001223027
53 110  0.0007821455
53 116  0.00001193438
53 117  0.00003432366
53 122  0.0002564412
53 126  0.00003442229
53 18  0.002414492
54 26  0.000003276218
54 32  0.0000747786
54 35  0.000001180715
54 48  0.00000005392994
54 50  0.00001404093
54 108  0.0001033923
54 110  0.00005648284
54 122  0.000009286163
54 126  0.000002489075
54 18  0.0000439311
55 24  0.000003602316
55 26  0.000000641781
55 28  0.00001042776
55 93  0.00005299196
55 33  0.000002768095
55 34  0.0000002464743
55 36  0.000001080695
55 37  0.0000596278
55 38  0.00001839077
55 43  0.0002426823
55 44  0.0001156533
55 45  0.00000683492
55 50  0.00006958157
55 51  0.0003867749
55 106  0.0000001943355
55 107  0.000003772952
55 108  0.0003384281
55 109  0.000129873
55 110  0.00009252263
55 111  0.00008455962
55 112  0.00003697113
55 113  0.00004806247
55 116  0.000008455962
55 117  0.00001222891
55 118  0.00001365088
55 119  0.000002237228
55 120  0.00001914915
55 121  0.0000004370178
55 122  0.00001137573
55 126  0.00002445783
55 18  0.0002000233
55 128  0.0002000233
106 18  0.000003103656
107 18  0.00007286941
108 117  0.00005451966
108 18  0.01039394
109 117  0.00001219544
109 18  0.001878298
110 117  0.00002643757
110 122  0.00002043827
110 18  0.004063251
111 117  0.00001686294
111 122  0.00001302586
111 18  0.002597094
112 117  0.000008012375
112 18  0.00123189
113 117  0.000009589852
113 18  0.001474351
114 117  0.000004638556
114 18  0.001161691
115 117  0.000009308326
115 18  0.001813055
116 18  0.0001406188
117 18  0.0002195675
118 117  0.000006482414
118 18  0.0009961035
119 117  0.000002139202
119 18  0.0003281493
120 117  0.000007748478
120 18  0.001191122
121 18  0.00001063141
122 18  0.002317719
123 122  0.000023058
123 18  0.005180155
124 122  0.00001158772
124 18  0.002583749
125 18  0.00001843728
126 18  0.0005581483
127 18  0.0007900859
18 58  220.8467
18 59  7.424091
18 60  0.1202653
18 61  0.5760418
18 62  0.01039781
18 63  0.7554034
18 16  0.006146489
18 64  0.4085391
18 68  0.08914252
18 72  0.34788
18 78  0.1808041
18 128  122.5214
128 65  181.7294
128 66  10.91645
128 67  83.11821
128 71  0.1310163
128 73  0.2348376
128 76  1.199547
128 77  0.139393
128 79  0.3895701
128 80  0.05424966
128 81  0.1706138
128 82  0.1383476
128 85  0.02749635
128 21  0.3942595
128 87  0.02391225
128 88  0.2169058
128 89  0.0006821456
128 23  0.009448903
128 29  0.001107325
128 49  0.005173367
19 56  166.4231
