0 3
0 688
0 750
0 3
0 3
0 3
0 3
0 686
0 720
1 0
1 737
1 5
1 768
1 686
1 720
1 765
1 720
1 720
1 720
1 753
1 753
1 3
1 3
1 3
1 3
2 26
2 750
2 720
2 714
2 720
2 714
2 714
2 714
2 714
2 714
2 720
2 714
2 714
2 714
2 714
2 714
2 718
2 718
3 686
3 720
4 750
4 3
4 3
4 720
5 737
5 720
5 720
5 720
6 31
6 750
6 26
6 714
6 720
6 720
6 32
6 32
6 714
6 720
6 714
6 720
6 714
6 32
7 693
7 750
7 3
7 3
7 694
7 694
8 0
8 737
8 768
8 686
8 720
8 765
8 753
8 753
8 18
8 3
8 3
8 3
8 3
10 11
10 11
10 21
10 11
12 11
12 11
12 11
12 11
12 11
12 11
13 11
13 11
13 11
13 11
13 11
13 11
14 11
14 11
14 11
14 11
14 11
14 11
15 11
15 11
15 11
15 11
15 11
15 11
16 677
16 677
17 16
17 16
18 17
18 17
18 16
19 17
19 23
20 16
20 16
21 20
21 20
22 20
22 20
24 33
24 686
24 720
24 1068
24 1068
24 3
24 3
24 3
24 3
24 3
24 3
25 0
25 737
25 768
25 686
25 720
25 765
25 3
25 3
25 3
25 3
26 750
26 720
26 714
26 720
26 714
26 720
26 714
26 714
26 714
26 714
26 714
26 714
26 714
26 718
26 718
27 26
27 750
27 720
27 720
27 714
27 720
27 720
27 714
27 720
27 720
27 714
27 714
27 714
27 714
27 714
27 714
27 714
27 718
27 718
27 720
27 714
27 720
27 714
27 720
27 718
27 718
29 0
29 737
29 5
29 768
29 686
29 720
29 765
29 720
29 720
29 720
29 3
29 3
29 3
29 3
30 750
30 720
30 32
30 32
30 26
31 750
31 26
31 720
31 32
31 32
31 714
31 720
31 714
31 32
32 750
32 26
32 26
32 26
32 26
32 26
32 26
32 720
33 0
33 737
33 686
33 3
33 3
33 3
33 3
33 3
33 3
33 720
34 0
34 737
34 768
34 686
34 720
34 765
34 753
34 753
34 753
34 753
34 753
34 753
34 54
34 3
34 3
34 3
34 3
36 750
36 714
36 720
36 718
36 720
38 750
38 714
38 714
38 714
38 714
38 714
38 714
38 714
38 714
38 714
38 714
38 720
38 714
38 720
38 714
39 45
39 47
39 718
39 718
39 45
39 45
39 47
40 46
40 720
40 718
40 45
40 48
40 45
40 45
40 720
40 45
40 46
40 718
40 718
40 718
41 46
41 720
41 718
41 45
41 48
41 45
41 45
41 720
41 45
41 46
41 718
41 718
41 718
42 718
42 718
42 720
42 720
42 677
42 677
42 677
42 677
42 720
42 720
42 677
42 718
42 677
42 677
42 677
42 718
42 718
42 677
42 720
42 677
42 720
42 677
43 720
43 720
43 720
43 718
43 677
43 718
43 684
43 720
43 677
43 677
43 720
43 677
43 718
43 677
43 718
43 677
43 677
43 718
43 677
43 677
43 677
43 677
43 720
43 720
43 720
43 677
43 720
43 720
43 720
43 677
43 720
43 720
43 720
44 39
44 47
44 718
44 718
44 45
44 45
44 47
45 750
45 47
45 718
45 718
45 47
46 750
46 720
46 45
46 45
46 720
46 718
46 45
46 48
46 45
46 718
46 718
46 718
47 750
47 45
47 45
47 45
48 750
48 720
48 54
48 720
48 45
48 45
48 718
54 750
54 57
54 56
55 750
56 750
56 54
57 750
57 54
58 688
58 750
58 686
58 720
59 750
59 58
59 720
61 750
61 58
61 720
61 720
61 58
61 58
61 59
61 718
61 718
61 720
61 720
61 720
62 58
62 58
62 58
62 686
62 720
63 718
63 718
63 720
63 720
63 720
64 59
64 737
64 102
64 58
64 720
64 753
64 753
64 59
64 59
65 750
65 64
66 714
66 64
66 65
66 714
67 58
67 103
67 737
67 768
67 686
67 765
67 720
67 58
67 58
68 693
68 58
68 59
68 58
68 59
68 694
68 694
69 58
69 60
69 737
69 686
69 720
69 58
69 58
70 84
70 737
70 76
70 686
70 720
70 718
70 720
70 113
70 113
70 58
70 58
71 58
71 103
71 768
71 686
71 765
71 720
71 58
71 58
72 750
72 71
72 718
72 71
72 720
73 58
73 737
73 686
73 720
73 58
73 58
73 753
73 753
73 114
73 114
73 58
73 58
74 73
74 60
74 737
74 58
74 686
74 720
74 58
74 753
74 753
74 114
74 114
74 58
74 58
75 73
75 103
75 737
75 58
75 686
75 720
75 58
75 753
75 753
75 114
75 114
75 58
75 58
77 59
77 737
77 58
77 720
77 59
77 59
78 58
78 60
78 737
78 686
78 1068
78 1068
78 720
78 58
78 58
78 58
78 58
79 58
79 103
79 737
79 686
79 1068
79 1068
79 720
79 58
79 58
79 58
79 58
80 58
80 60
80 737
80 686
80 720
80 58
80 58
81 59
81 102
81 737
81 768
81 58
81 720
81 765
81 59
81 59
82 750
82 81
83 59
83 96
83 102
83 737
83 58
83 720
83 59
83 59
84 58
84 103
84 720
84 718
84 58
84 58
84 686
84 720
85 58
85 60
85 737
85 686
85 720
85 58
85 58
86 750
86 720
86 103
86 720
86 103
86 720
86 103
87 750
87 86
88 714
88 86
88 87
88 714
89 106
89 63
89 737
89 686
89 718
89 718
89 720
89 720
89 720
89 720
89 58
89 58
90 59
90 737
90 102
90 768
90 753
90 58
90 720
90 765
90 753
90 753
90 753
90 59
90 59
91 58
91 60
91 737
91 686
91 720
91 58
91 58
92 106
92 63
92 737
92 686
92 718
92 718
92 720
92 720
92 720
92 720
92 58
92 58
93 59
93 96
93 737
93 768
93 58
93 720
93 765
93 58
93 58
93 753
93 753
93 753
93 753
93 59
93 59
94 59
94 102
94 737
94 768
94 58
94 720
94 765
94 59
94 59
95 59
95 737
95 768
95 58
95 720
95 765
95 58
95 58
95 59
95 59
97 59
97 96
97 102
97 737
97 58
97 720
97 59
97 59
98 58
98 60
98 737
98 768
98 686
98 765
98 720
98 58
98 58
99 58
99 60
99 737
99 768
99 686
99 765
99 720
99 753
99 753
99 58
99 58
100 59
100 737
100 768
100 58
100 720
100 765
100 101
100 753
100 753
100 101
100 101
100 101
100 101
100 101
100 101
100 101
100 101
100 101
100 101
100 101
100 101
100 59
100 59
101 100
104 59
104 737
104 753
104 58
104 720
104 765
104 753
104 58
104 58
104 59
104 59
105 58
105 60
105 737
105 686
105 720
105 58
105 58
106 58
106 60
106 58
106 58
106 686
106 720
107 58
107 103
107 619
107 619
107 58
107 58
107 686
107 720
108 58
108 103
108 737
108 768
108 686
108 765
108 720
108 113
108 113
108 58
108 58
109 737
109 768
109 750
109 765
109 113
109 113
110 737
110 768
110 750
110 765
110 113
110 113
111 693
111 113
111 113
111 694
111 694
112 737
112 750
112 113
112 113
112 113
112 113
113 737
113 688
113 750
113 686
113 720
113 718
113 718
114 750
114 729
114 720
114 720
114 718
114 718
114 718
115 762
115 750
115 720
115 114
115 720
115 125
115 113
115 720
115 113
115 113
115 720
115 720
115 113
115 720
115 798
115 748
115 113
115 720
115 798
115 748
115 714
115 718
115 113
115 718
115 113
115 718
115 718
115 718
115 720
115 718
116 718
117 124
117 720
117 686
117 113
117 113
117 113
117 113
117 113
117 113
117 718
117 718
118 720
119 113
119 686
119 113
119 113
119 113
119 113
119 113
119 720
119 718
119 718
120 113
120 747
120 113
120 113
120 113
120 113
120 686
120 720
120 718
120 718
121 117
121 747
121 720
121 686
121 113
121 113
121 113
121 113
121 113
121 113
121 718
121 718
122 119
122 747
122 686
122 113
122 113
122 113
122 113
122 113
122 720
122 718
122 718
123 124
123 747
123 686
123 113
123 113
123 113
123 113
123 113
123 113
123 720
123 718
123 718
124 113
124 686
124 113
124 113
124 113
124 113
124 113
124 113
124 720
124 718
124 718
126 718
127 113
127 737
127 782
127 126
127 768
127 686
127 765
127 720
127 718
127 718
127 718
127 113
127 113
127 113
127 113
127 718
128 113
128 737
128 782
128 126
128 768
128 686
128 765
128 720
128 718
128 718
128 718
128 113
128 113
128 113
128 113
128 718
129 113
129 737
129 782
129 709
129 674
129 720
129 686
129 720
129 718
129 718
129 718
129 257
129 257
129 252
129 252
129 249
129 144
129 113
129 113
129 113
129 113
129 718
130 113
130 737
130 768
130 1068
130 686
130 765
130 720
130 718
130 720
130 753
130 753
130 753
130 753
130 113
130 113
130 113
130 113
130 718
131 113
131 737
131 782
131 768
131 686
131 765
131 720
131 718
131 113
131 113
131 113
131 113
131 718
132 113
132 737
132 782
132 768
132 126
132 686
132 765
132 720
132 718
132 718
132 113
132 113
132 113
132 113
132 718
133 132
133 718
133 718
133 720
133 718
134 113
134 768
134 686
134 765
134 720
134 718
134 113
134 113
134 113
134 113
134 718
135 113
135 737
135 782
135 768
135 686
135 765
135 720
135 718
135 718
135 113
135 113
135 113
135 113
135 718
136 113
136 782
136 768
136 686
136 765
136 720
136 718
136 113
136 113
136 113
136 113
136 718
137 136
137 126
137 720
137 718
137 718
137 686
137 765
137 113
137 113
137 113
137 113
137 718
138 113
138 768
138 686
138 765
138 720
138 718
138 113
138 113
138 113
138 113
138 718
139 135
139 126
139 765
139 686
139 720
139 718
139 718
139 113
139 113
139 113
139 113
139 718
140 113
140 768
140 686
140 765
140 720
140 718
140 113
140 113
140 113
140 113
140 718
141 143
141 720
141 720
141 720
142 143
142 720
142 720
142 720
143 750
143 720
143 720
144 768
144 750
144 765
144 720
144 714
144 720
144 250
144 714
144 720
145 129
145 768
145 720
145 129
145 765
145 129
145 129
145 129
145 129
145 686
145 720
145 718
145 718
145 718
145 257
145 257
145 252
145 252
145 249
145 144
145 113
145 113
145 113
145 113
145 718
146 147
146 720
146 714
146 720
146 714
146 714
146 714
146 714
146 714
146 714
146 714
146 714
146 714
146 714
146 714
146 714
146 714
146 714
146 686
146 720
146 718
146 718
146 718
146 257
146 257
146 252
146 252
146 249
146 144
146 113
146 113
146 113
146 113
146 718
147 129
147 720
147 720
147 145
147 714
147 720
147 714
147 714
147 714
147 714
147 714
147 714
147 714
147 714
147 714
147 714
147 714
147 714
147 714
147 714
147 686
147 720
147 718
147 718
147 718
147 257
147 257
147 252
147 252
147 249
147 144
147 113
147 113
147 113
147 113
147 718
148 162
149 162
150 162
151 162
152 162
153 162
154 162
154 147
154 714
155 162
156 162
157 162
158 157
159 162
160 162
161 162
163 162
164 163
164 147
164 714
165 163
165 147
165 714
166 163
166 147
166 714
167 163
167 147
167 714
168 163
168 147
168 714
169 163
169 147
169 714
170 163
170 147
170 714
171 163
171 147
171 714
172 1965
172 1964
179 244
179 172
180 244
180 172
181 244
181 172
184 244
184 172
185 244
185 172
186 244
186 172
187 244
187 172
188 244
188 172
189 244
189 172
190 244
190 172
190 172
191 190
191 172
192 244
192 172
193 244
193 172
194 244
194 172
195 244
195 172
199 244
199 172
202 244
202 172
203 244
203 172
207 244
207 172
212 244
212 172
213 244
213 172
214 244
214 172
215 244
215 172
216 219
216 172
217 219
217 172
218 244
218 172
219 244
219 172
219 172
220 219
220 172
221 244
221 172
222 244
222 172
223 244
223 172
224 244
224 172
225 244
225 172
226 244
226 172
227 244
227 172
228 244
228 172
229 244
229 172
230 172
231 2100
231 172
231 2058
243 172
244 172
245 172
245 714
246 750
246 247
246 129
246 129
246 129
246 129
247 750
247 248
248 750
248 247
249 750
249 720
249 720
249 720
249 720
249 720
250 750
250 144
251 256
251 129
251 718
251 129
251 129
251 129
251 718
252 737
252 750
252 129
252 718
252 129
252 718
252 129
252 129
253 1003
253 282
253 1003
253 1003
253 1003
253 1003
253 1003
253 1003
253 686
253 720
253 720
253 720
253 720
253 1003
253 720
253 1003
253 720
254 253
254 253
254 253
254 1003
254 1003
254 1003
254 1003
254 1003
254 1003
254 686
254 720
254 720
254 720
254 720
254 1003
254 720
254 1003
254 720
255 252
255 129
255 718
255 129
255 718
255 129
255 129
256 252
256 129
256 718
256 129
256 718
256 129
256 129
257 737
257 750
257 129
257 720
258 280
258 129
258 720
258 753
258 753
259 258
259 129
259 720
259 753
259 753
260 750
260 259
261 257
261 129
261 720
262 257
262 129
262 720
263 265
263 129
263 129
263 129
263 129
263 753
263 753
263 129
263 720
264 750
265 257
265 129
265 129
265 129
265 129
265 753
265 753
265 129
265 720
266 265
266 129
266 129
266 129
266 129
266 753
266 753
266 129
266 720
267 750
267 266
267 266
268 265
268 768
268 129
268 720
268 765
268 129
268 129
268 129
268 129
268 753
268 753
268 129
268 720
269 266
269 129
269 129
269 129
269 129
269 753
269 753
269 129
269 720
270 265
270 768
270 129
270 720
270 765
270 129
270 129
270 129
270 129
270 753
270 753
270 129
270 720
271 265
271 768
271 765
271 129
271 720
271 129
271 129
271 129
271 129
271 753
271 753
272 266
272 768
272 765
272 129
272 129
272 129
272 129
272 753
272 753
272 129
272 720
273 280
273 129
273 720
273 753
273 753
274 750
275 280
275 129
275 720
275 753
275 753
276 750
276 277
276 277
277 750
277 275
277 275
278 280
278 768
278 129
278 720
278 765
278 129
278 720
278 753
278 753
279 275
279 129
279 720
279 753
279 753
280 257
280 129
280 720
280 129
280 720
280 753
280 753
281 275
281 129
281 720
281 753
281 753
283 280
283 768
283 129
283 720
283 765
283 129
283 720
283 753
283 753
284 280
284 768
284 765
284 129
284 720
284 753
284 753
285 275
285 768
285 765
285 129
285 720
285 753
285 753
286 729
286 114
286 290
286 714
286 294
286 729
286 729
286 729
286 729
286 729
286 729
286 729
286 729
286 729
286 729
287 750
287 720
287 714
287 720
287 714
288 750
288 714
288 113
288 720
288 714
288 113
288 720
288 720
288 714
288 113
288 720
288 292
288 113
288 718
289 750
289 720
289 714
290 292
290 750
291 292
291 750
293 750
293 720
293 714
293 720
293 714
293 720
293 720
293 720
294 750
294 286
295 113
295 737
295 116
295 768
295 686
295 765
295 720
295 718
295 753
295 753
295 718
295 718
295 338
295 338
295 113
295 113
295 113
295 113
295 718
296 113
296 782
296 686
296 720
296 718
296 113
296 113
296 113
296 113
296 718
297 113
297 737
297 768
297 686
297 765
297 720
297 718
297 113
297 113
297 113
297 113
297 718
298 113
298 768
298 686
298 765
298 720
298 718
298 753
298 753
298 113
298 113
298 113
298 113
298 718
299 113
299 768
299 686
299 765
299 720
299 718
299 753
299 753
299 753
299 753
299 113
299 113
299 113
299 113
299 718
300 113
300 737
300 782
300 686
300 720
300 718
300 753
300 753
300 113
300 113
300 113
300 113
300 718
301 113
301 737
301 782
301 768
301 686
301 765
301 720
301 718
301 113
301 113
301 113
301 113
301 718
303 734
303 765
303 735
303 729
304 113
304 737
304 782
304 747
304 686
304 720
304 718
304 113
304 113
304 113
304 113
304 718
306 750
306 304
312 327
312 304
312 327
312 327
312 327
312 327
313 750
313 304
315 113
315 686
315 1068
315 1068
315 720
315 718
315 113
315 113
315 113
315 113
315 718
316 113
316 737
316 782
316 768
316 686
316 765
316 720
316 718
316 753
316 753
316 718
316 720
316 113
316 113
316 113
316 113
316 718
317 113
317 737
317 686
317 720
317 718
317 113
317 113
317 113
317 113
317 718
318 113
318 782
318 768
318 686
318 765
318 720
318 718
318 753
318 753
318 338
318 338
318 718
318 113
318 113
318 113
318 113
318 718
319 318
319 338
319 338
319 718
320 113
320 782
320 674
320 768
320 686
320 765
320 720
320 718
320 753
320 753
320 338
320 338
320 345
320 345
320 113
320 113
320 113
320 113
320 718
321 113
321 768
321 126
321 737
321 686
321 765
321 720
321 718
321 718
321 753
321 753
321 113
321 113
321 113
321 113
321 718
322 113
322 782
322 686
322 720
322 718
322 113
322 113
322 113
322 113
322 718
323 113
323 737
323 674
323 782
323 768
323 686
323 765
323 720
323 718
323 113
323 113
323 113
323 113
323 718
324 113
324 737
324 768
324 686
324 765
324 720
324 718
324 113
324 113
324 113
324 113
324 718
325 113
325 126
325 768
325 686
325 765
325 720
325 718
325 718
325 113
325 113
325 113
325 113
325 718
326 328
326 750
326 329
326 329
326 329
327 750
328 329
328 329
328 329
329 327
329 328
329 328
329 328
329 327
329 327
329 327
329 327
330 328
330 750
330 329
330 329
330 329
331 333
331 828
331 828
331 828
331 828
331 828
331 828
331 828
331 828
331 828
331 828
331 828
331 828
331 828
331 828
331 335
331 828
331 335
331 828
331 335
331 765
331 828
331 828
331 332
331 332
331 332
331 828
331 335
331 828
331 335
332 750
332 828
332 828
332 828
333 768
333 750
333 765
333 828
333 828
333 828
333 828
333 828
333 335
333 828
333 335
333 828
333 335
333 332
333 332
333 332
333 828
333 335
333 828
333 335
334 333
334 828
334 828
334 828
334 828
334 828
334 828
334 828
334 828
334 828
334 828
334 828
334 828
334 828
334 828
334 335
334 828
334 335
334 828
334 335
334 765
334 828
334 828
334 332
334 332
334 332
334 828
334 335
334 828
334 335
335 837
335 828
335 837
335 833
335 828
335 828
335 828
335 833
335 833
335 833
335 828
335 833
335 828
335 833
335 833
335 833
335 833
335 833
335 833
335 833
335 828
335 833
335 837
335 837
335 837
335 837
335 837
335 837
335 837
335 837
335 839
335 837
335 837
335 837
335 837
335 837
335 837
335 837
335 835
335 837
335 835
335 837
335 834
335 837
335 837
335 829
335 837
335 837
335 837
335 837
335 837
335 837
335 837
335 837
335 837
335 837
335 837
335 837
335 837
335 837
335 837
335 837
335 837
335 837
335 837
335 837
335 837
335 837
335 837
335 837
335 837
335 837
335 837
335 837
335 838
335 827
335 837
335 837
336 338
336 718
336 720
336 338
336 338
336 338
336 338
336 686
337 693
337 338
337 338
337 694
337 694
338 737
338 688
338 750
338 686
338 718
338 720
339 750
339 338
339 720
339 338
340 341
340 720
340 718
340 686
340 720
340 338
340 338
340 338
340 338
341 336
341 720
341 686
341 718
341 720
341 338
341 338
341 338
341 338
342 338
342 686
342 718
342 338
342 338
342 338
342 338
342 720
343 336
343 768
343 720
343 686
343 765
343 720
343 718
343 338
343 338
343 338
343 338
344 336
344 720
344 686
344 720
344 718
344 338
344 338
344 338
344 338
345 737
345 750
345 720
345 718
345 320
346 345
346 768
346 765
346 720
346 718
346 320
347 346
347 768
347 765
347 720
347 718
347 320
348 750
349 338
349 768
349 720
349 686
349 765
349 718
349 720
349 753
349 753
349 338
349 338
349 338
349 338
350 113
350 126
350 768
350 686
350 765
350 720
350 718
350 718
350 113
350 113
350 113
350 113
350 718
351 113
351 737
351 126
351 782
351 768
351 674
351 686
351 765
351 720
351 718
351 718
351 753
351 753
351 850
351 850
351 720
351 720
351 113
351 113
351 113
351 113
351 718
352 113
352 359
352 126
352 768
352 686
352 765
352 720
352 718
352 718
352 753
352 753
352 113
352 113
352 113
352 113
352 718
353 113
353 768
353 686
353 765
353 720
353 718
353 354
353 354
353 718
353 354
353 113
353 113
353 113
353 113
353 718
354 750
354 353
354 353
355 124
355 126
355 782
355 768
355 686
355 765
355 720
355 718
355 718
355 850
355 850
355 113
355 113
355 113
355 113
355 113
355 113
355 718
356 750
356 358
357 750
357 356
357 356
357 358
358 750
358 356
360 359
360 750
360 718
360 718
360 720
360 356
361 359
361 750
361 718
361 718
361 720
361 356
362 750
363 121
363 782
363 125
363 768
363 686
363 765
363 720
363 718
363 113
363 113
363 113
363 113
363 113
363 113
363 718
364 117
364 737
364 674
364 782
364 768
364 113
364 686
364 765
364 720
364 718
364 113
364 113
364 113
364 113
364 113
364 113
364 718
365 124
365 737
365 709
365 674
365 782
365 686
365 58
365 59
365 58
365 59
365 720
365 718
365 113
365 113
365 113
365 113
365 113
365 113
365 718
366 121
366 782
366 674
366 768
366 765
366 720
366 720
366 720
366 718
366 686
366 113
366 113
366 113
366 113
366 113
366 113
366 718
367 123
367 709
367 762
367 768
367 686
367 765
367 720
367 718
367 113
367 113
367 113
367 113
367 113
367 113
367 718
368 750
368 367
369 113
369 686
369 720
369 718
369 619
369 619
369 113
369 113
369 113
369 113
369 718
370 124
370 768
370 686
370 765
370 720
370 718
370 113
370 113
370 113
370 113
370 113
370 113
370 718
371 123
371 737
371 709
371 686
371 720
371 718
371 753
371 753
371 114
371 114
371 113
371 113
371 113
371 113
371 113
371 113
371 718
372 123
372 768
372 765
372 720
372 718
372 686
372 113
372 113
372 113
372 113
372 113
372 113
372 718
373 121
373 768
373 686
373 765
373 720
373 718
373 113
373 113
373 113
373 113
373 113
373 113
373 718
374 121
374 768
374 686
374 765
374 720
374 718
374 113
374 113
374 113
374 113
374 113
374 113
374 718
375 124
375 709
375 686
375 1068
375 1068
375 720
375 718
375 113
375 113
375 113
375 113
375 113
375 113
375 718
376 402
376 768
376 765
376 718
376 686
376 720
376 113
376 113
376 113
376 113
376 113
376 113
376 113
376 718
377 123
377 674
377 762
377 686
377 1068
377 1068
377 113
377 720
377 718
377 383
377 753
377 753
377 753
377 753
377 1068
377 113
377 113
377 113
377 113
377 113
377 113
377 718
378 750
378 377
378 377
378 384
378 383
378 383
378 384
378 383
378 383
379 750
379 377
379 383
379 115
379 383
380 750
380 379
380 379
380 383
380 383
381 750
381 377
381 379
381 379
382 750
382 377
382 378
382 378
383 750
383 377
384 750
384 377
385 121
385 125
385 782
385 768
385 686
385 765
385 720
385 718
385 113
385 113
385 113
385 113
385 113
385 113
385 718
386 123
386 768
386 686
386 765
386 720
386 718
386 753
386 753
386 114
386 114
386 113
386 113
386 113
386 113
386 113
386 113
386 718
387 363
387 768
387 765
387 720
387 686
387 718
387 113
387 113
387 113
387 113
387 113
387 113
387 718
388 123
388 737
388 753
388 753
388 686
388 720
388 718
388 718
388 113
388 113
388 113
388 113
388 113
388 113
388 718
390 750
391 390
391 388
392 390
392 388
392 720
393 390
393 388
394 122
394 113
394 720
394 718
394 686
394 113
394 113
394 113
394 113
394 718
395 124
395 737
395 768
395 686
395 765
395 720
395 718
395 113
395 113
395 113
395 113
395 113
395 113
395 718
396 123
396 126
396 768
396 686
396 765
396 113
396 720
396 718
396 718
396 753
396 753
396 113
396 113
396 113
396 113
396 113
396 718
397 750
397 396
397 718
397 718
397 718
398 121
398 782
398 720
398 718
398 686
398 113
398 113
398 113
398 113
398 113
398 113
398 718
399 121
399 782
399 768
399 765
399 720
399 718
399 686
399 113
399 113
399 113
399 113
399 113
399 113
399 718
400 124
400 686
400 720
400 718
400 113
400 113
400 113
400 113
400 113
400 113
400 718
401 121
401 782
401 768
401 765
401 720
401 718
401 1068
401 1068
401 686
401 113
401 113
401 113
401 113
401 113
401 113
401 718
402 122
402 768
402 686
402 765
402 720
402 718
402 113
402 113
402 113
402 113
402 113
402 113
402 113
402 718
403 402
403 737
403 768
403 765
403 718
403 686
403 720
403 113
403 113
403 113
403 113
403 113
403 113
403 113
403 718
404 123
404 737
404 709
404 686
404 720
404 718
404 753
404 753
404 753
404 753
404 753
404 753
404 753
404 753
404 113
404 113
404 113
404 113
404 113
404 113
404 718
405 122
405 768
405 686
405 765
405 720
405 718
405 718
405 753
405 753
405 113
405 113
405 113
405 113
405 113
406 123
406 768
406 686
406 765
406 720
406 718
406 113
406 113
406 113
406 113
406 113
406 113
406 718
407 123
407 768
407 686
407 765
407 720
407 718
407 113
407 113
407 113
407 113
407 113
407 113
407 718
408 123
408 768
408 686
408 765
408 720
408 718
408 409
408 720
408 113
408 113
408 113
408 113
408 113
408 113
408 718
409 750
410 113
410 737
410 731
410 768
410 686
410 765
410 720
410 718
410 718
410 718
410 686
410 718
410 718
410 718
410 718
410 718
410 718
410 718
410 113
410 113
410 113
410 113
410 718
411 750
411 410
411 718
412 750
412 410
412 718
412 410
412 718
413 113
413 737
413 731
413 768
413 686
413 765
413 720
413 718
413 753
413 753
413 686
413 113
413 113
413 113
413 113
413 718
415 734
415 765
415 735
415 729
416 124
416 737
416 731
416 768
416 686
416 765
416 720
416 718
416 686
416 113
416 113
416 113
416 113
416 113
416 113
416 718
418 734
418 765
418 735
418 729
419 113
419 737
419 731
419 768
419 686
419 765
419 720
419 718
419 753
419 753
419 686
419 113
419 113
419 113
419 113
419 718
421 734
421 765
421 735
421 729
422 120
422 737
422 731
422 768
422 686
422 765
422 720
422 718
422 753
422 753
422 686
422 113
422 113
422 113
422 113
422 718
424 734
424 765
424 735
424 729
425 113
425 737
425 731
425 686
425 720
425 718
425 686
425 753
425 753
425 113
425 113
425 113
425 113
425 718
426 734
426 425
426 765
426 735
426 729
427 113
427 737
427 731
427 768
427 686
427 765
427 718
427 720
427 720
427 718
427 686
427 718
427 718
427 113
427 113
427 113
427 113
427 718
428 113
428 737
428 782
428 731
428 768
428 686
428 765
428 720
428 718
428 753
428 753
428 686
428 720
428 718
428 718
428 720
428 113
428 113
428 113
428 113
428 718
429 113
429 782
429 731
429 768
429 686
429 765
429 720
429 718
429 753
429 753
429 338
429 338
429 686
429 113
429 113
429 113
429 113
429 718
430 750
430 338
430 338
431 113
431 737
431 731
431 768
431 686
431 765
431 720
431 718
431 753
431 753
431 338
431 338
431 686
431 113
431 113
431 113
431 113
431 718
432 318
432 686
432 765
432 720
432 718
432 753
432 753
432 338
432 338
432 718
432 113
432 113
432 113
432 113
432 718
433 124
433 731
433 737
433 768
433 753
433 753
433 686
433 765
433 720
433 718
433 686
433 753
433 753
433 113
433 113
433 113
433 113
433 113
433 113
433 718
434 124
434 737
434 731
434 720
434 720
434 686
434 720
434 718
434 686
434 753
434 753
434 720
434 113
434 113
434 113
434 113
434 113
434 113
434 718
435 341
435 731
435 720
435 686
435 686
435 718
435 720
435 338
435 338
435 338
435 338
436 344
436 731
436 720
436 686
436 720
436 686
436 718
436 338
436 338
436 338
436 338
437 113
437 686
437 720
437 718
437 718
437 113
437 113
437 113
437 113
437 718
438 750
438 437
438 720
438 718
438 718
439 113
439 686
439 720
439 718
439 113
439 113
439 113
439 113
439 113
439 113
439 718
440 113
440 737
440 782
440 768
440 686
440 765
440 720
440 718
440 113
440 113
440 113
440 113
440 718
441 490
441 720
441 929
441 718
441 720
441 720
441 929
441 1292
441 1292
441 720
441 113
441 113
441 113
441 113
441 686
441 718
444 443
444 443
444 443
444 443
444 443
444 443
444 443
444 443
445 443
445 443
445 443
445 443
445 443
445 443
445 443
445 443
446 443
446 443
446 443
446 443
446 443
446 443
446 443
446 443
447 443
447 443
447 443
447 443
447 443
447 443
447 443
447 443
448 443
448 443
448 443
448 443
448 443
448 443
448 443
448 443
449 443
449 443
449 443
449 443
449 443
449 443
449 443
449 443
452 451
452 451
452 451
452 451
452 451
452 451
452 451
452 451
452 451
452 451
452 451
452 451
452 451
453 451
453 451
453 451
453 451
453 451
453 451
453 451
453 451
453 451
453 451
453 451
453 451
453 451
454 451
454 451
454 451
454 451
454 451
454 451
454 451
454 451
454 451
454 451
454 451
454 451
454 451
455 451
455 451
455 451
455 451
455 451
455 451
455 451
455 451
455 451
455 451
455 451
455 451
455 451
456 451
456 451
456 451
456 451
456 451
456 451
456 451
456 451
456 451
456 451
456 451
456 451
456 451
457 451
457 451
457 451
457 451
457 451
457 451
457 451
457 451
457 451
457 451
457 451
457 451
457 451
458 451
458 451
458 451
458 451
458 451
458 451
458 451
458 451
458 451
458 451
458 451
458 451
458 451
459 451
459 451
459 451
459 451
459 451
459 451
459 451
459 451
459 451
459 451
459 451
459 451
459 451
460 451
460 451
460 451
460 451
460 451
460 451
460 451
460 451
460 451
460 451
460 451
460 451
460 451
461 451
461 451
461 451
461 451
461 451
461 451
461 451
461 451
461 451
461 451
461 451
461 451
461 451
462 451
462 451
462 451
462 451
462 451
462 451
462 451
462 451
462 451
462 451
462 451
462 451
462 451
468 490
468 720
468 929
468 718
468 720
468 720
468 929
468 1292
468 1292
468 720
468 113
468 113
468 113
468 113
468 686
468 718
471 470
471 470
471 470
471 470
471 470
471 470
471 470
471 470
471 470
471 470
471 470
471 470
471 470
471 470
471 470
472 470
472 470
472 470
472 470
472 470
472 470
472 470
472 470
472 470
472 470
472 470
472 470
472 470
472 470
472 470
473 470
473 470
473 470
473 470
473 470
473 470
473 470
473 470
473 470
473 470
473 470
473 470
473 470
473 470
473 470
474 470
474 470
474 470
474 470
474 470
474 470
474 470
474 470
474 470
474 470
474 470
474 470
474 470
474 470
474 470
475 470
475 470
475 470
475 470
475 470
475 470
475 470
475 470
475 470
475 470
475 470
475 470
475 470
475 470
475 470
476 470
476 470
476 470
476 470
476 470
476 470
476 470
476 470
476 470
476 470
476 470
476 470
476 470
476 470
476 470
477 470
477 470
477 470
477 470
477 470
477 470
477 470
477 470
477 470
477 470
477 470
477 470
477 470
477 470
477 470
478 470
478 470
478 470
478 470
478 470
478 470
478 470
478 470
478 470
478 470
478 470
478 470
478 470
478 470
478 470
479 470
479 470
479 470
479 470
479 470
479 470
479 470
479 470
479 470
479 470
479 470
479 470
479 470
479 470
479 470
480 470
480 470
480 470
480 470
480 470
480 470
480 470
480 470
480 470
480 470
480 470
480 470
480 470
480 470
480 470
481 470
481 470
481 470
481 470
481 470
481 470
481 470
481 470
481 470
481 470
481 470
481 470
481 470
481 470
481 470
482 470
482 470
482 470
482 470
482 470
482 470
482 470
482 470
482 470
482 470
482 470
482 470
482 470
482 470
482 470
483 470
483 470
483 470
483 470
483 470
483 470
483 470
483 470
483 470
483 470
483 470
483 470
483 470
483 470
483 470
490 113
490 936
490 720
490 720
490 929
490 1292
490 1292
490 720
490 113
490 113
490 113
490 113
490 686
490 718
490 718
491 490
491 720
491 929
491 718
491 720
491 720
491 929
491 1292
491 1292
491 720
491 113
491 113
491 113
491 113
491 686
491 718
495 497
496 497
499 113
499 737
499 782
499 686
499 720
499 718
499 718
499 113
499 113
499 113
499 113
499 718
500 750
500 499
500 677
500 499
500 677
500 720
500 718
500 677
501 500
501 499
501 677
501 499
501 677
501 720
501 718
501 677
502 500
502 499
502 677
502 499
502 677
502 720
502 718
502 677
503 506
503 686
503 765
503 59
503 59
503 720
503 718
503 753
503 753
503 113
503 113
503 113
503 113
503 718
504 59
504 58
504 720
504 59
504 59
505 58
505 103
505 720
505 58
505 58
505 686
506 113
506 737
506 782
506 674
506 768
506 686
506 765
506 59
506 59
506 720
506 718
506 753
506 753
506 113
506 113
506 113
506 113
506 718
508 58
508 103
508 720
508 58
508 58
508 686
509 750
509 718
509 720
510 113
510 674
510 782
510 768
510 686
510 765
510 720
510 718
510 714
510 534
510 113
510 113
510 113
510 113
510 718
511 782
511 699
511 750
511 510
511 677
511 720
511 677
511 718
512 511
512 510
512 677
512 720
512 718
512 677
513 511
513 510
513 677
513 720
513 718
513 677
514 533
514 510
514 677
514 720
514 720
514 718
515 604
515 768
515 765
515 686
515 720
515 718
515 607
515 113
515 113
515 113
515 113
515 718
516 113
516 126
516 737
516 768
516 686
516 765
516 720
516 718
516 718
516 113
516 113
516 113
516 113
516 718
518 720
518 718
518 677
518 718
518 684
518 720
518 677
518 677
518 720
518 677
518 718
518 677
518 718
518 677
518 677
518 718
518 677
518 677
518 677
518 677
518 720
518 720
518 720
518 677
518 720
518 720
518 720
518 677
518 720
518 720
518 720
519 113
519 768
519 125
519 686
519 765
519 520
519 677
519 720
519 720
519 718
519 520
519 677
519 720
519 520
519 677
519 720
519 113
519 113
519 113
519 113
519 718
520 750
520 519
520 720
520 677
520 519
520 720
520 677
521 113
521 737
521 782
521 762
521 674
521 768
521 686
521 765
521 720
521 718
521 718
521 113
521 113
521 113
521 113
522 113
522 768
522 686
522 765
522 720
522 718
522 113
522 113
522 113
522 113
522 718
524 750
524 522
524 720
524 718
524 718
524 720
524 720
524 720
524 720
525 750
526 113
526 674
526 782
526 686
526 720
526 718
526 113
526 113
526 113
526 113
526 718
528 750
528 526
528 677
528 720
528 718
528 677
529 528
529 526
529 677
529 720
529 718
529 677
530 528
530 526
530 677
530 720
530 718
530 677
531 782
531 750
531 720
531 718
531 720
532 750
533 782
533 699
533 750
533 720
533 718
534 750
534 720
534 714
534 720
534 720
534 720
534 720
534 720
534 714
534 720
534 533
534 720
534 720
534 714
534 720
534 714
535 113
535 782
535 125
535 686
535 720
535 718
535 718
535 113
535 113
535 113
535 113
536 537
536 588
536 720
536 720
536 718
536 718
536 718
536 720
537 750
537 588
537 720
537 718
537 718
537 718
537 720
537 720
538 688
538 750
538 588
538 588
538 588
538 686
538 720
538 718
538 718
539 537
539 588
539 720
539 720
539 720
539 720
539 720
539 718
539 718
539 718
539 720
539 720
540 113
540 737
540 709
540 674
540 782
540 118
540 768
540 686
540 765
540 720
540 718
540 720
540 753
540 753
540 113
540 113
540 113
540 113
540 718
541 120
541 674
541 768
541 686
541 765
541 720
541 718
541 753
541 753
541 113
541 113
541 113
541 113
541 718
542 113
542 782
542 125
542 686
542 720
542 718
542 113
542 113
542 113
542 113
542 718
543 113
543 737
543 674
543 709
543 768
543 686
543 765
543 720
543 718
543 718
543 753
543 753
543 113
543 113
543 113
543 113
544 113
544 768
544 125
544 686
544 765
544 720
544 718
544 718
544 113
544 113
544 113
544 113
545 113
545 737
545 709
545 727
545 125
545 782
545 762
545 674
545 768
545 686
545 765
545 720
545 718
545 718
545 113
545 113
545 113
545 113
546 113
546 737
546 709
546 727
546 125
546 782
546 762
546 674
546 768
546 686
546 765
546 720
546 718
546 718
546 113
546 113
546 113
546 113
547 113
547 709
547 674
547 768
547 686
547 765
547 720
547 718
547 720
547 720
547 113
547 113
547 113
547 113
547 718
548 718
548 547
548 718
548 677
548 677
548 677
548 677
548 720
548 720
548 677
548 718
548 677
548 677
548 677
548 718
548 718
548 677
548 720
548 677
548 720
548 677
549 547
549 714
549 550
550 720
550 720
550 549
550 549
550 718
551 550
551 547
551 720
551 720
551 549
551 549
551 718
551 550
552 550
552 547
552 720
552 547
552 720
552 720
552 549
552 549
552 718
552 550
553 113
553 737
553 674
553 709
553 768
553 686
553 765
553 720
553 718
553 718
553 113
553 113
553 113
553 113
554 604
554 709
554 686
554 765
554 720
554 718
554 607
554 113
554 113
554 113
554 113
554 718
555 113
555 782
555 709
555 762
555 674
555 768
555 686
555 765
555 720
555 718
555 718
555 113
555 113
555 113
555 113
556 113
556 737
556 782
556 709
556 674
556 125
556 686
556 720
556 718
556 113
556 113
556 113
556 113
556 718
557 750
558 113
558 737
558 747
558 782
558 674
558 768
558 686
558 765
558 720
558 718
558 113
558 113
558 113
558 113
558 718
559 113
559 737
559 782
559 747
559 709
559 686
559 720
559 718
559 720
559 113
559 113
559 113
559 113
559 718
560 120
560 674
560 768
560 686
560 765
560 720
560 718
560 720
560 113
560 113
560 113
560 113
560 718
561 113
561 709
561 2040
561 2121
561 768
561 686
561 765
561 720
561 718
561 2039
561 2120
561 113
561 113
561 113
561 113
561 718
564 750
564 714
564 720
564 113
564 1068
564 561
564 714
564 720
564 113
564 113
564 714
564 718
565 750
565 540
565 714
565 567
565 540
566 720
566 720
566 718
566 718
566 677
566 718
566 684
566 720
566 677
566 677
566 720
566 677
566 718
566 677
566 718
566 677
566 677
566 718
566 677
566 677
566 677
566 677
566 720
566 720
566 720
566 677
566 720
566 720
566 720
566 677
566 720
566 720
566 720
567 750
567 566
567 720
567 565
567 565
567 718
567 720
567 720
568 567
568 566
568 720
568 565
568 565
568 718
568 720
568 720
568 567
569 567
569 566
569 720
569 565
569 565
569 718
569 720
569 720
569 567
570 573
570 720
570 718
570 720
570 718
570 113
570 113
570 113
570 113
570 686
570 718
571 573
571 720
571 718
571 720
571 718
571 113
571 113
571 113
571 113
571 686
571 718
572 573
572 720
572 718
572 720
572 718
572 113
572 113
572 113
572 113
572 686
572 718
573 599
573 720
573 718
573 720
573 718
573 113
573 113
573 113
573 113
573 686
573 718
574 588
574 720
574 580
574 720
574 580
574 720
574 720
575 580
575 718
575 720
575 718
575 720
575 720
575 720
575 718
575 720
575 720
575 720
575 718
575 720
575 582
575 720
575 718
575 720
576 588
576 720
576 580
576 720
576 580
576 720
576 720
577 581
577 588
577 686
577 720
577 720
577 718
577 718
577 720
577 720
577 720
578 581
578 588
578 720
578 580
578 588
578 686
578 720
578 720
578 720
578 718
578 718
578 720
578 720
578 720
579 580
579 718
579 720
579 718
579 720
579 720
579 720
579 718
579 720
579 720
579 720
579 720
579 718
579 720
579 582
579 720
579 718
579 720
580 750
580 720
580 718
580 720
580 718
580 720
580 582
580 718
580 720
580 720
580 720
580 718
580 718
580 720
580 720
580 720
581 709
581 688
581 750
581 588
581 720
581 686
581 720
581 718
581 718
581 720
581 720
581 720
582 750
582 720
582 720
582 580
582 718
582 718
582 718
582 718
582 720
582 720
582 720
582 718
582 720
583 595
583 582
583 582
583 582
583 582
583 582
583 582
583 582
583 582
583 582
583 582
583 582
584 583
584 582
584 582
584 582
584 582
584 582
584 582
584 582
584 582
584 582
584 582
584 582
585 583
585 582
585 582
585 582
585 582
585 582
585 582
585 582
585 582
585 582
585 582
585 582
585 582
586 580
586 720
586 718
586 720
586 718
586 720
586 720
586 718
586 720
586 720
586 593
586 593
586 720
586 720
586 718
586 720
586 582
586 720
586 718
586 720
586 720
587 583
587 582
587 582
587 582
587 582
587 582
587 582
587 582
587 582
587 582
587 582
587 582
587 582
587 582
588 750
588 580
588 720
588 580
588 720
588 720
589 581
589 588
589 686
589 720
589 720
589 718
589 718
589 720
589 720
589 720
590 588
590 720
590 580
590 720
590 580
590 720
590 720
591 580
591 718
591 720
591 139
591 720
591 718
591 720
591 720
591 718
591 720
591 1080
591 139
591 720
591 718
591 720
591 582
591 720
591 718
591 720
591 720
592 580
592 718
592 720
592 718
592 720
592 720
592 718
592 720
592 591
592 591
592 720
592 718
592 720
592 582
592 720
592 718
592 720
592 720
593 580
593 582
593 718
593 720
593 718
593 720
593 720
593 720
593 720
593 718
593 720
593 582
593 720
593 718
593 718
593 720
593 720
594 581
594 588
594 686
594 720
594 720
594 718
594 718
594 720
594 720
594 720
595 750
595 582
595 582
595 582
595 582
595 582
595 582
595 582
595 582
596 750
597 750
598 599
598 588
598 720
598 718
598 720
598 720
598 718
598 113
598 113
598 113
598 113
598 686
598 718
599 113
599 782
599 720
599 718
599 113
599 113
599 113
599 113
599 686
599 718
600 588
600 580
600 720
600 580
600 720
600 580
600 720
600 720
601 580
601 718
601 720
601 720
601 718
601 720
601 720
601 720
601 720
601 718
601 720
601 582
601 720
601 718
601 718
601 720
601 720
602 608
602 750
602 608
602 720
603 750
603 720
604 113
604 674
604 768
604 686
604 765
604 720
604 718
604 607
604 113
604 113
604 113
604 113
604 718
605 113
605 720
605 718
605 113
605 113
605 113
605 113
605 686
605 718
606 750
606 720
606 718
606 607
606 607
606 720
607 113
607 720
607 718
607 605
607 113
607 113
607 113
607 113
607 686
607 718
608 720
609 750
609 720
610 608
610 750
610 720
610 608
610 720
611 955
611 956
612 619
612 688
612 750
612 619
612 619
612 619
612 619
612 686
612 718
612 720
612 718
613 612
613 623
613 623
613 718
613 718
613 718
613 718
613 619
613 619
613 619
613 619
613 686
613 720
613 718
613 720
614 612
614 737
614 768
614 686
614 765
614 720
614 718
614 718
614 718
614 619
614 619
614 619
614 619
614 718
616 718
616 718
616 718
617 693
617 619
617 619
617 694
617 694
618 750
618 720
618 623
618 720
618 619
618 720
618 619
618 720
618 720
619 686
619 718
619 720
619 718
620 634
620 709
620 768
620 639
620 686
620 765
620 720
620 718
620 718
620 718
620 619
620 619
620 619
620 619
620 718
621 750
621 620
621 718
621 620
622 612
622 737
622 768
622 686
622 765
622 720
622 718
622 644
622 720
622 641
622 718
622 644
622 619
622 619
622 619
622 619
622 718
623 619
623 718
623 718
623 718
623 686
623 718
623 720
623 718
624 635
624 632
624 782
624 686
624 720
624 718
624 623
624 718
624 718
624 718
624 619
624 619
624 619
624 619
624 718
625 634
625 768
625 686
625 765
625 720
625 718
625 619
625 619
625 619
625 619
625 718
626 638
626 686
626 1068
626 1068
626 718
626 720
626 619
626 619
626 619
626 619
626 619
626 619
626 718
627 612
627 737
627 688
627 709
627 686
627 718
627 720
627 718
627 708
627 708
627 753
627 753
627 619
627 619
627 619
627 619
629 627
630 629
630 629
631 613
631 632
631 737
631 782
631 619
631 686
631 619
631 619
631 720
631 718
631 623
631 718
631 718
631 718
631 619
631 619
631 619
631 619
631 718
633 612
633 737
633 768
633 686
633 765
633 720
633 718
633 644
633 720
633 641
633 718
633 644
633 714
633 663
633 619
633 619
633 619
633 619
633 718
634 612
634 737
634 747
634 619
634 619
634 619
634 619
634 686
634 718
634 720
634 718
635 613
635 737
635 747
635 623
635 718
635 718
635 718
635 718
635 619
635 619
635 619
635 619
635 686
635 720
635 718
635 720
636 612
636 737
636 747
636 619
636 619
636 619
636 619
636 686
636 718
636 720
636 718
637 634
637 632
637 782
637 686
637 720
637 718
637 708
637 708
637 720
637 720
637 619
637 619
637 619
637 619
637 718
638 612
638 737
638 686
638 619
638 619
638 619
638 619
638 619
638 619
638 718
638 720
638 718
639 718
640 634
640 768
640 686
640 765
640 720
640 718
640 720
640 708
640 708
640 718
640 720
640 848
640 848
640 720
640 619
640 619
640 619
640 619
640 718
641 718
642 641
642 750
642 718
642 644
642 641
642 718
642 641
643 641
643 750
643 718
643 644
643 641
643 718
643 641
644 641
644 641
644 720
644 641
644 641
644 641
644 641
645 644
645 750
645 720
645 641
645 641
645 720
645 641
645 641
645 641
645 641
646 750
646 714
646 714
646 663
648 750
649 750
649 663
659 750
660 750
661 750
661 714
662 750
663 750
663 714
663 714
664 750
664 641
664 641
665 750
665 666
666 750
667 750
667 668
668 750
669 634
669 768
669 686
669 765
669 720
669 718
669 619
669 619
669 619
669 619
669 718
671 750
672 750
672 669
673 733
673 720
673 718
673 718
673 855
673 718
673 718
673 718
673 718
673 718
673 855
673 718
673 718
673 720
673 720
673 718
673 718
673 718
673 718
673 718
675 750
675 720
675 718
675 718
675 720
676 721
677 699
677 750
677 743
677 743
677 714
677 714
677 743
677 720
677 720
677 743
677 720
677 714
677 720
677 720
677 720
677 743
679 750
679 718
680 750
680 679
681 750
681 679
682 750
682 679
683 750
683 720
683 720
683 720
683 720
684 750
684 1061
685 757
685 757
685 718
685 718
685 718
685 677
685 677
685 677
685 677
685 677
685 720
685 720
685 677
685 718
685 677
685 677
685 677
685 720
685 677
685 720
685 677
686 750
686 688
686 687
686 687
686 688
686 720
686 677
686 677
686 720
686 687
686 677
686 720
686 720
686 677
686 687
686 688
686 687
686 687
686 720
686 720
688 686
689 733
689 768
689 720
689 765
689 718
689 718
689 718
689 855
689 718
689 718
689 718
689 718
689 855
689 718
689 718
689 720
689 720
689 718
689 718
689 718
689 718
689 718
690 737
690 750
691 690
692 690
692 737
692 737
693 690
693 694
693 694
694 750
694 720
694 720
695 750
696 750
697 750
698 750
701 750
701 704
701 702
701 702
701 707
702 750
703 750
703 748
704 750
705 750
705 704
705 704
706 750
707 750
708 737
708 718
708 718
708 718
708 718
708 718
708 855
708 718
708 718
708 718
708 718
708 855
708 720
708 720
710 673
710 720
710 718
710 718
710 855
710 718
710 718
710 718
710 718
710 718
710 855
710 718
710 718
710 720
710 720
710 718
710 718
710 718
710 718
710 718
711 750
712 711
713 733
713 768
713 720
713 765
713 718
713 718
713 855
713 718
713 718
713 718
713 720
713 718
713 718
713 718
713 718
713 855
713 718
713 718
713 720
713 720
713 718
713 718
713 718
713 718
713 718
714 699
714 750
715 750
715 714
715 714
715 714
715 714
716 737
716 688
716 750
716 688
716 687
716 687
716 686
716 687
716 688
716 687
716 687
716 687
716 687
716 686
716 686
716 686
717 721
718 699
718 750
718 677
718 677
718 677
718 677
718 720
718 720
718 677
718 677
718 677
718 677
718 677
718 720
718 677
718 720
718 677
719 750
720 750
720 714
720 718
720 677
720 718
720 684
720 677
720 677
720 677
720 718
720 677
720 718
720 677
720 677
720 718
720 677
720 677
720 677
720 677
720 677
720 677
721 737
721 750
722 750
724 723
725 737
725 750
726 733
726 768
726 720
726 765
726 718
726 718
726 718
726 855
726 718
726 718
726 718
726 718
726 855
726 718
726 718
726 720
726 720
726 718
726 718
726 718
726 718
726 718
728 750
729 750
730 750
731 688
731 686
731 686
732 783
733 708
733 737
733 750
733 720
733 718
733 718
733 718
733 855
733 718
733 718
733 718
733 718
733 855
733 718
733 718
733 720
733 720
733 718
733 718
733 718
733 718
733 718
734 768
734 750
734 765
734 735
734 729
735 750
735 734
736 750
738 721
739 750
739 740
739 742
739 740
739 740
739 740
740 750
740 741
741 750
742 750
743 750
744 750
745 750
745 744
746 750
748 750
749 683
749 720
749 720
749 720
749 718
749 720
749 683
749 718
749 720
749 683
749 720
749 683
749 683
749 720
749 683
751 752
751 750
751 752
751 750
753 750
753 764
754 750
755 750
756 750
757 718
757 718
757 718
757 718
757 677
757 677
757 677
757 677
757 677
757 720
757 720
757 677
757 718
757 677
757 677
757 677
757 720
757 677
757 720
757 677
758 750
759 750
760 750
761 683
761 720
761 720
761 720
761 718
761 720
761 683
761 718
761 720
761 683
761 720
761 683
761 683
761 720
761 683
763 750
764 750
765 750
765 767
765 767
765 767
765 766
765 767
765 766
765 766
768 765
769 721
770 750
771 737
771 750
771 688
771 720
771 720
771 720
771 688
771 720
771 720
771 720
771 720
771 686
772 750
772 774
773 750
773 774
774 750
778 783
779 783
780 750
781 750
784 786
784 803
784 712
784 711
784 720
784 720
784 718
784 720
785 787
785 737
785 803
785 712
785 711
785 686
785 720
785 720
785 720
785 718
786 807
786 720
786 720
786 718
786 720
787 810
787 688
787 686
787 720
787 720
787 720
787 718
788 784
788 791
788 804
788 814
788 720
788 720
788 718
788 720
788 711
788 784
789 750
789 720
789 720
789 720
789 720
789 718
789 720
789 718
789 720
790 785
790 791
790 804
790 686
790 718
790 711
790 785
790 720
790 720
790 720
792 784
792 791
792 804
792 720
792 720
792 718
792 720
792 711
792 784
793 785
793 791
793 804
793 737
793 686
793 718
793 711
793 785
793 720
793 720
793 720
794 784
794 791
794 737
794 720
794 720
794 718
794 720
794 711
794 784
795 785
795 791
795 804
795 803
795 686
795 718
795 711
795 785
795 720
795 720
795 720
796 750
796 785
796 785
796 784
796 784
796 784
796 784
796 784
796 784
796 785
797 750
797 810
797 720
797 720
797 810
797 720
797 720
798 750
798 720
798 807
798 720
798 718
798 720
798 720
798 807
798 720
798 720
798 807
798 720
798 720
798 720
798 720
799 1024
799 1059
799 1059
799 1059
799 1059
799 1059
801 786
801 791
801 804
801 800
801 737
801 720
801 720
801 718
801 720
802 787
802 791
802 804
802 800
802 737
802 686
802 718
802 720
802 720
802 720
805 784
805 791
805 814
805 720
805 720
805 718
805 720
805 711
805 784
806 785
806 791
806 804
806 686
806 720
806 718
806 711
806 785
806 720
806 720
807 750
807 720
807 720
807 718
807 720
808 784
808 791
808 814
808 720
808 720
808 718
808 720
808 711
808 784
809 785
809 791
809 804
809 686
809 720
809 718
809 711
809 785
809 720
809 720
810 750
810 720
810 718
811 784
811 791
811 804
811 720
811 720
811 718
811 720
811 711
811 784
812 785
812 791
812 686
812 711
812 785
812 720
812 720
812 720
812 718
813 786
813 791
813 737
813 720
813 720
813 718
813 720
815 784
815 791
815 814
815 720
815 720
815 718
815 720
815 711
815 784
816 785
816 791
816 686
816 720
816 711
816 785
816 720
816 720
816 718
817 819
817 820
817 820
817 820
817 819
818 817
818 820
818 820
818 820
818 819
819 750
819 820
819 820
819 820
821 818
821 820
821 820
821 820
821 819
822 821
827 750
827 837
827 837
827 837
827 837
828 750
828 833
828 833
828 833
828 833
829 750
829 837
829 837
829 837
830 750
831 750
832 750
833 750
834 750
834 837
834 837
834 837
834 837
834 837
835 750
835 837
835 837
835 837
835 837
836 750
836 828
836 828
836 828
836 828
836 828
836 828
836 828
836 828
836 828
836 828
836 828
836 828
836 828
836 828
837 750
837 839
837 835
837 835
837 834
837 829
837 838
837 827
838 750
838 837
838 837
838 837
838 837
838 837
838 837
839 750
839 837
839 837
839 837
839 837
840 850
840 768
840 720
840 718
840 765
840 720
840 718
840 720
840 718
840 718
840 718
840 859
840 859
840 720
840 708
840 708
840 855
841 850
841 768
841 718
841 765
841 720
841 718
841 720
841 718
841 708
841 718
841 718
841 720
841 708
841 855
843 750
843 841
843 870
843 841
843 718
844 750
844 718
845 750
845 841
845 846
845 846
845 846
846 750
846 841
847 750
847 841
847 843
848 850
848 768
848 720
848 718
848 765
848 720
848 718
848 720
848 718
848 708
848 708
848 718
848 718
848 720
848 871
848 720
848 872
848 872
848 720
848 855
849 850
849 720
849 718
849 720
849 718
849 720
849 718
849 718
849 718
849 720
849 708
849 708
849 855
850 737
850 674
850 750
850 720
850 718
850 720
850 720
850 718
850 720
850 718
850 708
850 708
850 718
850 718
850 855
851 750
851 850
851 852
851 852
851 852
852 750
852 850
853 750
853 850
853 854
853 854
853 718
854 750
854 718
854 850
854 718
854 850
854 718
855 674
855 750
856 855
857 750
857 718
857 718
857 718
857 720
857 718
857 720
857 718
857 718
857 708
857 720
857 718
857 708
857 720
857 718
857 708
857 718
857 720
858 737
858 750
858 720
858 713
858 720
858 713
858 857
859 737
859 750
859 720
859 857
859 857
859 718
859 713
860 859
860 768
860 765
860 857
860 857
860 718
860 861
860 861
860 718
860 861
860 861
860 720
860 720
860 713
861 750
862 858
862 768
862 720
862 713
862 765
862 857
862 720
862 713
863 858
863 737
863 768
863 720
863 713
863 765
863 857
863 720
863 713
864 859
864 747
864 768
864 765
864 720
864 857
864 866
864 857
864 718
864 867
864 867
864 866
864 866
864 718
864 720
864 718
864 867
864 867
864 720
864 718
864 866
864 866
864 720
864 867
864 867
864 867
864 866
864 713
865 750
865 864
866 714
866 864
866 864
866 865
866 865
866 714
867 750
868 858
868 768
868 720
868 713
868 765
868 857
868 720
868 713
869 859
869 768
869 765
869 857
869 857
869 718
869 858
869 858
869 720
869 713
870 750
871 750
872 737
872 750
872 720
872 713
872 720
872 713
872 871
873 872
873 768
873 765
873 871
873 720
873 713
874 872
874 768
874 765
874 871
874 720
874 713
875 872
875 768
875 765
875 871
875 720
875 713
876 872
876 768
876 765
876 871
876 720
876 713
877 914
877 677
877 919
877 914
877 919
877 939
877 914
877 919
877 939
877 677
878 923
878 880
878 677
878 923
878 923
878 939
881 880
881 880
881 880
881 880
881 880
881 880
882 880
882 880
882 880
882 880
882 880
882 880
883 880
883 880
883 880
883 880
883 880
883 880
884 880
884 880
884 880
884 880
884 880
884 880
885 923
885 887
885 677
885 923
885 923
885 939
888 887
888 887
888 887
888 887
888 887
888 887
888 887
888 887
888 887
888 887
888 887
888 887
888 887
888 887
888 887
888 887
889 887
889 887
889 887
889 887
889 887
889 887
889 887
889 887
889 887
889 887
889 887
889 887
889 887
889 887
889 887
889 887
890 887
890 887
890 887
890 887
890 887
890 887
890 887
890 887
890 887
890 887
890 887
890 887
890 887
890 887
890 887
890 887
891 887
891 887
891 887
891 887
891 887
891 887
891 887
891 887
891 887
891 887
891 887
891 887
891 887
891 887
891 887
891 887
892 887
892 887
892 887
892 887
892 887
892 887
892 887
892 887
892 887
892 887
892 887
892 887
892 887
892 887
892 887
892 887
893 887
893 887
893 887
893 887
893 887
893 887
893 887
893 887
893 887
893 887
893 887
893 887
893 887
893 887
893 887
893 887
894 887
894 887
894 887
894 887
894 887
894 887
894 887
894 887
894 887
894 887
894 887
894 887
894 887
894 887
894 887
894 887
895 887
895 887
895 887
895 887
895 887
895 887
895 887
895 887
895 887
895 887
895 887
895 887
895 887
895 887
895 887
895 887
896 887
896 887
896 887
896 887
896 887
896 887
896 887
896 887
896 887
896 887
896 887
896 887
896 887
896 887
896 887
896 887
897 887
897 887
897 887
897 887
897 887
897 887
897 887
897 887
897 887
897 887
897 887
897 887
897 887
897 887
897 887
897 887
898 887
898 887
898 887
898 887
898 887
898 887
898 887
898 887
898 887
898 887
898 887
898 887
898 887
898 887
898 887
898 887
899 887
899 887
899 887
899 887
899 887
899 887
899 887
899 887
899 887
899 887
899 887
899 887
899 887
899 887
899 887
899 887
900 887
900 887
900 887
900 887
900 887
900 887
900 887
900 887
900 887
900 887
900 887
900 887
900 887
900 887
900 887
900 887
901 887
901 887
901 887
901 887
901 887
901 887
901 887
901 887
901 887
901 887
901 887
901 887
901 887
901 887
901 887
901 887
902 923
902 677
902 923
902 923
902 939
905 904
905 904
905 904
905 904
905 904
906 904
906 904
906 904
906 904
906 904
907 904
907 904
907 904
907 904
907 904
908 914
908 919
908 919
908 914
908 919
908 939
908 914
908 919
908 939
908 677
909 923
909 939
909 677
909 923
909 923
909 939
910 915
910 677
910 919
911 915
911 939
911 677
911 919
912 914
912 919
912 919
912 914
912 919
912 939
912 914
912 919
912 939
912 677
914 919
914 919
914 919
914 939
914 919
914 939
914 677
915 919
915 677
920 921
922 914
922 919
922 677
922 919
922 914
922 919
922 939
922 914
922 919
922 939
922 677
923 939
923 677
924 720
924 929
924 1292
924 718
924 929
925 915
925 677
925 928
925 927
925 926
925 919
929 720
929 939
929 720
929 938
929 939
929 720
930 914
930 919
930 919
930 914
930 919
930 939
930 914
930 919
930 939
930 677
931 914
931 919
931 919
931 914
931 919
931 939
931 914
931 919
931 939
931 677
932 936
932 936
932 936
932 1292
932 936
932 1292
932 936
932 1292
932 936
932 936
932 936
932 936
932 936
932 720
935 113
935 720
935 718
935 113
935 113
935 113
935 113
935 686
935 718
936 929
936 1292
936 1292
938 915
938 677
938 919
940 941
940 765
941 944
941 768
941 765
942 944
943 944
943 737
944 750
945 750
945 944
946 949
946 949
946 949
947 949
947 949
947 949
948 947
948 949
948 949
949 737
949 750
950 947
950 949
950 949
951 750
952 750
953 750
954 750
955 959
955 956
956 750
957 956
957 720
957 720
957 720
958 750
958 956
959 750
959 956
960 750
960 952
960 952
961 750
962 965
962 720
962 718
962 720
962 720
962 720
962 965
963 737
963 750
963 964
963 964
963 964
964 965
964 748
964 748
964 748
964 748
964 720
964 718
964 720
964 720
964 720
964 965
965 737
965 747
965 750
965 720
965 718
965 720
965 720
965 720
966 965
966 720
966 718
966 720
966 720
966 720
966 965
967 750
967 720
967 720
967 718
968 962
968 768
968 765
968 720
968 718
968 720
968 753
968 753
968 720
968 720
968 965
969 979
970 979
971 979
972 979
973 979
974 979
975 979
976 979
977 979
978 979
980 962
980 720
980 718
980 720
980 720
980 720
980 965
981 962
981 768
981 765
981 720
981 718
981 720
981 720
981 720
981 965
982 962
982 720
982 718
982 720
982 720
982 720
982 720
982 720
982 965
984 750
985 962
985 720
985 718
985 720
985 720
985 720
985 965
986 987
986 720
986 718
986 720
986 720
986 720
986 965
987 966
987 720
987 718
987 720
987 720
987 720
987 965
988 964
988 768
988 765
988 720
988 718
988 720
988 720
988 720
988 753
988 753
988 753
988 753
988 748
988 748
988 748
988 748
988 720
988 720
988 965
990 750
991 750
992 964
992 720
992 718
992 720
992 748
992 748
992 748
992 748
992 720
992 720
992 965
993 963
993 964
993 992
993 753
993 753
993 753
993 753
993 964
993 964
994 737
994 750
994 997
994 997
994 720
994 1003
994 1003
995 750
996 750
997 750
997 994
998 750
998 1003
999 998
999 1003
1000 998
1000 1003
1001 998
1001 1003
1002 1003
1002 1007
1002 686
1002 1003
1002 1003
1002 1003
1002 1003
1002 1003
1002 1003
1002 720
1002 720
1002 720
1002 720
1002 1003
1002 720
1002 1003
1002 720
1003 737
1003 688
1003 750
1003 686
1003 720
1003 720
1003 720
1003 720
1003 720
1003 720
1005 750
1006 750
1006 720
1006 720
1006 720
1006 720
1006 720
1006 720
1006 1003
1006 1003
1006 1003
1006 720
1006 720
1008 998
1008 1003
1009 998
1009 1003
1010 1003
1010 1007
1010 686
1010 1003
1010 1003
1010 1003
1010 1003
1010 1003
1010 1003
1010 720
1010 720
1010 720
1010 720
1010 1003
1010 720
1010 1003
1010 720
1011 1003
1011 1007
1011 837
1011 686
1011 1003
1011 1003
1011 1003
1011 1003
1011 1003
1011 1003
1011 720
1011 720
1011 720
1011 720
1011 1003
1011 720
1011 1003
1011 720
1012 998
1012 1003
1013 998
1013 1003
1014 1003
1014 1007
1014 686
1014 1003
1014 1003
1014 1003
1014 1003
1014 1003
1014 1003
1014 720
1014 720
1014 720
1014 720
1014 1003
1014 720
1014 1003
1014 720
1015 1003
1015 1007
1015 686
1015 1003
1015 1003
1015 1003
1015 1003
1015 1003
1015 1003
1015 720
1015 720
1015 720
1015 720
1015 1003
1015 720
1015 1003
1015 720
1016 1051
1016 1059
1016 737
1016 674
1016 750
1016 1059
1016 720
1016 1059
1016 1059
1016 1059
1016 1059
1016 1051
1016 1059
1016 1059
1017 1051
1017 737
1017 750
1017 1059
1017 1059
1017 1059
1017 1059
1017 1059
1018 1060
1018 737
1018 674
1018 750
1018 113
1018 113
1018 720
1018 720
1019 1062
1020 1018
1020 720
1020 720
1020 113
1020 113
1021 1059
1021 737
1021 674
1021 750
1021 720
1021 1051
1021 1060
1021 1060
1022 1024
1022 1051
1022 1059
1022 1059
1022 1059
1022 1059
1022 1059
1022 1059
1022 1059
1022 1059
1022 1059
1022 1059
1023 1022
1023 1059
1023 737
1023 674
1023 1059
1023 720
1023 1059
1023 1059
1023 1059
1023 1051
1023 1059
1023 1059
1023 1059
1023 1059
1023 1059
1023 1059
1023 1059
1023 1059
1024 750
1024 1059
1024 1059
1024 1059
1024 1059
1024 1059
1025 1060
1025 737
1025 674
1025 750
1025 623
1025 623
1025 720
1025 720
1026 737
1026 750
1026 1051
1026 1059
1026 1059
1026 1051
1027 1024
1027 737
1027 720
1027 720
1027 1059
1027 1059
1027 1059
1027 1059
1027 1059
1028 1017
1028 1059
1028 1059
1028 1059
1028 1059
1028 1059
1029 1051
1029 1059
1029 737
1029 674
1029 750
1029 1059
1029 720
1029 1059
1029 1059
1029 1059
1029 1059
1029 1051
1029 1059
1029 1059
1030 750
1031 1034
1031 768
1031 765
1031 1032
1031 718
1031 720
1031 720
1031 1064
1031 1052
1031 1052
1031 748
1031 748
1031 748
1031 748
1032 750
1032 1061
1032 1061
1032 1061
1033 1032
1033 1061
1033 1061
1033 1061
1034 737
1034 1064
1034 750
1034 720
1034 720
1034 1064
1034 1032
1034 718
1034 1052
1034 1052
1034 748
1034 748
1034 748
1034 748
1035 750
1035 1034
1035 718
1036 750
1037 750
1037 1034
1037 718
1037 718
1037 714
1037 718
1038 750
1039 1059
1039 737
1039 674
1039 750
1039 720
1039 1051
1039 1060
1039 1060
1040 1060
1040 737
1040 674
1040 750
1040 113
1040 113
1040 720
1040 720
1041 1019
1041 750
1041 1062
1045 1019
1045 1062
1046 1026
1046 1026
1046 1051
1046 1059
1046 1049
1046 1026
1046 1026
1046 1026
1046 1026
1046 1059
1046 1051
1049 1048
1050 1062
1050 750
1050 1063
1050 1026
1050 1026
1051 1059
1051 1059
1051 1059
1051 1059
1051 1059
1052 750
1053 1052
1053 1052
1053 1052
1054 1052
1054 1052
1054 1052
1055 1052
1055 1052
1055 1052
1056 1052
1056 1052
1056 1052
1057 1052
1057 1052
1057 1052
1058 1052
1058 1052
1058 1052
1059 720
1059 1051
1060 720
1060 720
1061 750
1062 1063
1063 750
1064 720
1064 720
1064 1032
1064 718
1064 1052
1064 1052
1064 748
1064 748
1064 748
1064 748
1065 955
1065 956
1066 1068
1066 1073
1066 686
1066 720
1066 718
1066 720
1066 1068
1066 1068
1066 1068
1066 686
1066 720
1066 720
1066 720
1066 1068
1066 720
1066 718
1066 718
1066 1073
1066 720
1066 720
1066 1068
1066 1068
1067 737
1067 750
1067 1068
1067 1068
1067 1068
1067 1068
1068 688
1068 750
1068 686
1068 720
1068 686
1068 720
1068 720
1068 720
1068 720
1068 718
1068 718
1068 718
1068 1073
1068 720
1068 720
1069 1072
1069 686
1069 1068
1069 718
1069 720
1069 1068
1069 1068
1069 1068
1069 686
1069 720
1069 720
1069 720
1069 1068
1069 720
1069 718
1069 718
1069 1073
1069 720
1069 720
1069 1068
1069 1068
1070 1071
1070 718
1070 720
1070 1068
1070 1068
1070 1068
1070 686
1070 720
1070 686
1070 720
1070 720
1070 1068
1070 720
1070 718
1070 718
1070 1073
1070 720
1070 720
1070 1068
1070 1068
1071 1068
1071 737
1071 720
1071 1068
1071 1068
1071 1068
1071 686
1071 720
1071 686
1071 720
1071 720
1071 1068
1071 720
1071 718
1071 718
1071 718
1071 1073
1071 720
1071 720
1071 1068
1071 1068
1072 1071
1072 1074
1072 718
1072 720
1072 1068
1072 1068
1072 1068
1072 686
1072 720
1072 686
1072 720
1072 720
1072 1068
1072 720
1072 718
1072 718
1072 1073
1072 720
1072 720
1072 1068
1072 1068
1073 720
1077 1070
1077 686
1077 113
1077 113
1077 718
1077 720
1077 1068
1077 1068
1077 1068
1077 686
1077 720
1077 720
1077 720
1077 1068
1077 720
1077 718
1077 718
1077 1073
1077 720
1077 720
1077 1068
1077 1068
1078 1068
1078 1075
1078 737
1078 686
1078 718
1078 58
1078 59
1078 58
1078 59
1078 1068
1078 1068
1078 1068
1078 686
1078 720
1078 720
1078 720
1078 720
1078 1068
1078 720
1078 718
1078 718
1078 1073
1078 720
1078 720
1078 1068
1078 1068
1079 1068
1079 1075
1079 737
1079 686
1079 720
1079 718
1079 1068
1079 1068
1079 1068
1079 686
1079 720
1079 720
1079 720
1079 1068
1079 720
1079 718
1079 718
1079 1073
1079 720
1079 720
1079 1068
1079 1068
1080 1068
1080 1075
1080 737
1080 782
1080 768
1080 686
1080 765
1080 720
1080 718
1080 1068
1080 1068
1080 1068
1080 686
1080 720
1080 720
1080 720
1080 1068
1080 720
1080 718
1080 718
1080 1073
1080 720
1080 720
1080 1068
1080 1068
1081 1068
1081 1075
1081 737
1081 768
1081 686
1081 765
1081 720
1081 718
1081 1068
1081 1068
1081 1068
1081 686
1081 720
1081 720
1081 720
1081 1068
1081 720
1081 718
1081 718
1081 1073
1081 720
1081 720
1081 1068
1081 1068
1082 1070
1082 1075
1082 768
1082 753
1082 686
1082 765
1082 753
1082 753
1082 753
1082 718
1082 720
1082 1068
1082 1068
1082 1068
1082 686
1082 720
1082 720
1082 720
1082 1068
1082 720
1082 718
1082 718
1082 1073
1082 720
1082 720
1082 1068
1082 1068
1083 1068
1083 1075
1083 737
1083 686
1083 720
1083 718
1083 1068
1083 1068
1083 1068
1083 686
1083 720
1083 720
1083 720
1083 1068
1083 720
1083 718
1083 718
1083 1073
1083 720
1083 720
1083 1068
1083 1068
1084 1068
1084 1075
1084 737
1084 768
1084 686
1084 765
1084 720
1084 718
1084 1068
1084 1068
1084 1068
1084 686
1084 720
1084 720
1084 720
1084 1068
1084 720
1084 718
1084 718
1084 1073
1084 720
1084 720
1084 1068
1084 1068
1086 1068
1086 1075
1086 737
1086 686
1086 720
1086 718
1086 1068
1086 1068
1086 1068
1086 686
1086 720
1086 720
1086 720
1086 1068
1086 720
1086 718
1086 718
1086 1073
1086 720
1086 720
1086 1068
1086 1068
1087 1068
1087 1075
1087 737
1087 686
1087 720
1087 718
1087 1068
1087 1068
1087 1068
1087 686
1087 720
1087 720
1087 720
1087 1068
1087 720
1087 718
1087 718
1087 1073
1087 720
1087 720
1087 1068
1087 1068
1088 1068
1088 1076
1088 737
1088 720
1088 718
1088 1068
1088 1068
1088 1068
1088 686
1088 720
1088 686
1088 720
1088 720
1088 1068
1088 720
1088 718
1088 718
1088 1073
1088 720
1088 720
1088 1068
1088 1068
1089 1068
1089 1076
1089 1074
1089 737
1089 686
1089 720
1089 718
1089 753
1089 753
1089 1068
1089 1068
1089 1068
1089 686
1089 720
1089 720
1089 720
1089 1068
1089 720
1089 718
1089 718
1089 1073
1089 720
1089 720
1089 1068
1089 1068
1090 1068
1090 1076
1090 737
1090 686
1090 686
1090 720
1090 720
1090 718
1090 619
1090 619
1090 1068
1090 1068
1090 1068
1090 720
1090 720
1090 1068
1090 720
1090 718
1090 718
1090 1073
1090 720
1090 720
1090 1068
1090 1068
1091 1068
1091 1076
1091 1074
1091 737
1091 686
1091 720
1091 718
1091 1068
1091 1068
1091 1068
1091 686
1091 720
1091 720
1091 720
1091 1068
1091 720
1091 718
1091 718
1091 1073
1091 720
1091 720
1091 1068
1091 1068
1092 1068
1092 1076
1092 737
1092 686
1092 720
1092 718
1092 1068
1092 1068
1092 1068
1092 686
1092 720
1092 720
1092 720
1092 1068
1092 720
1092 718
1092 718
1092 1073
1092 720
1092 720
1092 1068
1092 1068
1093 1068
1093 1076
1093 737
1093 686
1093 720
1093 718
1093 720
1093 1068
1093 1068
1093 1068
1093 686
1093 720
1093 720
1093 720
1093 1068
1093 720
1093 718
1093 718
1093 1073
1093 720
1093 720
1093 1068
1093 1068
1094 1068
1094 1076
1094 1074
1094 737
1094 686
1094 720
1094 718
1094 1068
1094 1068
1094 1068
1094 686
1094 720
1094 720
1094 720
1094 1068
1094 720
1094 718
1094 718
1094 1073
1094 720
1094 720
1094 1068
1094 1068
1095 1118
1095 1076
1095 1073
1095 686
1095 720
1095 718
1095 720
1095 720
1095 1068
1095 1068
1095 1068
1095 686
1095 720
1095 720
1095 720
1095 1068
1095 718
1095 718
1095 1073
1095 720
1095 720
1095 1068
1095 1068
1096 1068
1096 1076
1096 1074
1096 737
1096 686
1096 720
1096 718
1096 1068
1096 1068
1096 1068
1096 686
1096 720
1096 720
1096 720
1096 1068
1096 720
1096 718
1096 718
1096 1073
1096 720
1096 720
1096 1068
1096 1068
1097 1072
1097 686
1097 718
1097 720
1097 1068
1097 1068
1097 1068
1097 686
1097 720
1097 720
1097 720
1097 1068
1097 720
1097 718
1097 718
1097 1073
1097 720
1097 720
1097 1068
1097 1068
1098 1068
1098 1076
1098 737
1098 686
1098 720
1098 686
1098 720
1098 718
1098 623
1098 623
1098 1068
1098 1068
1098 1068
1098 720
1098 720
1098 1068
1098 720
1098 718
1098 718
1098 1073
1098 720
1098 720
1098 1068
1098 1068
1099 1068
1099 1076
1099 1074
1099 737
1099 686
1099 720
1099 718
1099 1068
1099 1068
1099 1068
1099 686
1099 720
1099 720
1099 720
1099 1068
1099 720
1099 718
1099 718
1099 1073
1099 720
1099 720
1099 1068
1099 1068
1100 1118
1100 1076
1100 782
1100 686
1100 720
1100 718
1100 720
1100 1068
1100 1068
1100 1068
1100 686
1100 720
1100 720
1100 720
1100 1068
1100 718
1100 718
1100 1073
1100 720
1100 720
1100 1068
1100 1068
1101 1068
1101 1076
1101 1074
1101 737
1101 686
1101 720
1101 718
1101 1068
1101 1068
1101 1068
1101 686
1101 720
1101 720
1101 720
1101 1068
1101 720
1101 718
1101 718
1101 1073
1101 720
1101 720
1101 1068
1101 1068
1102 1070
1102 686
1102 718
1102 720
1102 1068
1102 1068
1102 1068
1102 686
1102 720
1102 720
1102 720
1102 1068
1102 720
1102 718
1102 718
1102 1073
1102 720
1102 720
1102 1068
1102 1068
1103 1070
1103 1076
1103 768
1103 686
1103 765
1103 338
1103 338
1103 1068
1103 1068
1103 720
1103 718
1103 720
1103 1068
1103 1068
1103 1068
1103 686
1103 720
1103 720
1103 720
1103 1068
1103 720
1103 718
1103 718
1103 1073
1103 720
1103 720
1103 1068
1103 1068
1104 1068
1104 1076
1104 1074
1104 737
1104 686
1104 720
1104 718
1104 748
1104 1068
1104 1068
1104 1068
1104 686
1104 720
1104 720
1104 720
1104 1068
1104 720
1104 718
1104 718
1104 1073
1104 720
1104 720
1104 1068
1104 1068
1105 1118
1105 1076
1105 686
1105 720
1105 718
1105 720
1105 1068
1105 1068
1105 1068
1105 686
1105 720
1105 720
1105 720
1105 1068
1105 718
1105 718
1105 1073
1105 720
1105 720
1105 1068
1105 1068
1106 1068
1106 1076
1106 1074
1106 737
1106 686
1106 720
1106 718
1106 1068
1106 1068
1106 1068
1106 686
1106 720
1106 720
1106 720
1106 1068
1106 720
1106 718
1106 718
1106 1073
1106 720
1106 720
1106 1068
1106 1068
1107 1068
1107 737
1107 1076
1107 731
1107 686
1107 720
1107 718
1107 686
1107 753
1107 753
1107 1068
1107 1068
1107 1068
1107 686
1107 720
1107 720
1107 720
1107 1068
1107 720
1107 718
1107 718
1107 1073
1107 720
1107 720
1107 1068
1107 1068
1108 1068
1108 1076
1108 737
1108 686
1108 720
1108 718
1108 1068
1108 1068
1108 1068
1108 686
1108 720
1108 720
1108 720
1108 1068
1108 720
1108 718
1108 718
1108 1073
1108 720
1108 720
1108 1068
1108 1068
1109 1068
1109 1076
1109 737
1109 686
1109 720
1109 718
1109 1068
1109 1068
1109 1068
1109 686
1109 720
1109 720
1109 720
1109 1068
1109 720
1109 718
1109 718
1109 1073
1109 720
1109 720
1109 1068
1109 1068
1110 1118
1110 1076
1110 1073
1110 737
1110 686
1110 720
1110 718
1110 720
1110 720
1110 1068
1110 1068
1110 1068
1110 686
1110 720
1110 720
1110 720
1110 1068
1110 718
1110 718
1110 1073
1110 720
1110 720
1110 1068
1110 1068
1111 1072
1111 686
1111 718
1111 720
1111 1068
1111 1068
1111 1068
1111 686
1111 720
1111 720
1111 720
1111 1068
1111 720
1111 718
1111 718
1111 1073
1111 720
1111 720
1111 1068
1111 1068
1112 1118
1112 1076
1112 1074
1112 686
1112 720
1112 718
1112 720
1112 1068
1112 1068
1112 1068
1112 686
1112 720
1112 720
1112 720
1112 1068
1112 718
1112 718
1112 1073
1112 720
1112 720
1112 1068
1112 1068
1113 1070
1113 686
1113 718
1113 720
1113 1068
1113 1068
1113 1068
1113 686
1113 720
1113 720
1113 720
1113 1068
1113 720
1113 718
1113 718
1113 1073
1113 720
1113 720
1113 1068
1113 1068
1114 1068
1114 1076
1114 1074
1114 737
1114 686
1114 720
1114 718
1114 1068
1114 1068
1114 1068
1114 686
1114 720
1114 720
1114 720
1114 1068
1114 720
1114 718
1114 718
1114 1073
1114 720
1114 720
1114 1068
1114 1068
1115 1068
1115 1076
1115 1074
1115 686
1115 720
1115 718
1115 1068
1115 1068
1115 1068
1115 686
1115 720
1115 720
1115 720
1115 1068
1115 720
1115 718
1115 718
1115 1073
1115 720
1115 720
1115 1068
1115 1068
1116 1100
1116 768
1116 765
1116 720
1116 686
1116 718
1116 720
1116 1068
1116 1068
1116 1068
1116 686
1116 720
1116 720
1116 720
1116 1068
1116 718
1116 718
1116 1073
1116 720
1116 720
1116 1068
1116 1068
1117 1070
1117 1068
1117 748
1117 718
1117 720
1117 1068
1117 1068
1117 1068
1117 686
1117 720
1117 686
1117 720
1117 720
1117 1068
1117 720
1117 718
1117 718
1117 1073
1117 720
1117 720
1117 1068
1117 1068
1118 1068
1118 737
1118 720
1118 720
1118 1068
1118 1068
1118 1068
1118 686
1118 720
1118 686
1118 720
1118 720
1118 1068
1118 718
1118 718
1118 718
1118 1073
1118 720
1118 720
1118 1068
1118 1068
1119 1068
1119 737
1119 1076
1119 686
1119 720
1119 718
1119 1068
1119 1068
1119 1068
1119 686
1119 720
1119 720
1119 720
1119 1068
1119 720
1119 718
1119 718
1119 1073
1119 720
1119 720
1119 1068
1119 1068
1120 1068
1120 737
1120 1076
1120 686
1120 720
1120 1068
1120 1068
1120 1068
1120 686
1120 720
1120 720
1120 720
1120 1068
1120 720
1120 718
1120 718
1120 718
1120 1073
1120 720
1120 720
1120 1068
1120 1068
1121 1070
1121 768
1121 686
1121 765
1121 748
1121 718
1121 720
1121 1068
1121 1068
1121 1068
1121 686
1121 720
1121 720
1121 720
1121 1068
1121 720
1121 718
1121 718
1121 1073
1121 720
1121 720
1121 1068
1121 1068
1122 1068
1122 1076
1122 737
1122 768
1122 686
1122 765
1122 720
1122 718
1122 753
1122 753
1122 1068
1122 1068
1122 1068
1122 686
1122 720
1122 720
1122 720
1122 1068
1122 720
1122 718
1122 718
1122 1073
1122 720
1122 720
1122 1068
1122 1068
1123 1072
1123 686
1123 718
1123 720
1123 1068
1123 1068
1123 1068
1123 686
1123 720
1123 720
1123 720
1123 1068
1123 720
1123 718
1123 718
1123 1073
1123 720
1123 720
1123 1068
1123 1068
1124 1068
1124 1076
1124 1074
1124 737
1124 686
1124 720
1124 718
1124 1068
1124 1068
1124 1068
1124 686
1124 720
1124 720
1124 720
1124 1068
1124 720
1124 718
1124 718
1124 1073
1124 720
1124 720
1124 1068
1124 1068
1125 1068
1125 1076
1125 1074
1125 737
1125 686
1125 720
1125 718
1125 718
1125 718
1125 753
1125 753
1125 1068
1125 1068
1125 1068
1125 686
1125 720
1125 720
1125 720
1125 1068
1125 720
1125 1073
1125 720
1125 720
1125 1068
1125 1068
1126 1068
1126 1076
1126 737
1126 686
1126 720
1126 718
1126 1068
1126 1068
1126 1068
1126 686
1126 720
1126 720
1126 720
1126 1068
1126 720
1126 718
1126 718
1126 1073
1126 720
1126 720
1126 1068
1126 1068
1127 1068
1127 1076
1127 1074
1127 737
1127 686
1127 720
1127 718
1127 1068
1127 1068
1127 1068
1127 686
1127 720
1127 720
1127 720
1127 1068
1127 720
1127 718
1127 718
1127 1073
1127 720
1127 720
1127 1068
1127 1068
1128 1118
1128 1076
1128 1073
1128 686
1128 720
1128 718
1128 720
1128 720
1128 1068
1128 1068
1128 1068
1128 686
1128 720
1128 720
1128 720
1128 1068
1128 718
1128 718
1128 1073
1128 720
1128 720
1128 1068
1128 1068
1129 1118
1129 1076
1129 1073
1129 686
1129 720
1129 718
1129 720
1129 720
1129 1068
1129 1068
1129 1068
1129 686
1129 720
1129 720
1129 720
1129 1068
1129 718
1129 718
1129 1073
1129 720
1129 720
1129 1068
1129 1068
1130 1068
1130 1076
1130 737
1130 686
1130 720
1130 718
1130 1068
1130 1068
1130 1068
1130 686
1130 720
1130 720
1130 720
1130 1068
1130 720
1130 718
1130 718
1130 1073
1130 720
1130 720
1130 1068
1130 1068
1131 1068
1131 1076
1131 737
1131 686
1131 720
1131 718
1131 748
1131 753
1131 753
1131 944
1131 944
1131 949
1131 949
1131 1068
1131 1068
1131 1068
1131 686
1131 720
1131 720
1131 720
1131 1068
1131 720
1131 718
1131 718
1131 1073
1131 720
1131 720
1131 1068
1131 1068
1132 750
1132 1131
1133 1068
1133 1076
1133 1074
1133 737
1133 686
1133 720
1133 718
1133 1068
1133 1068
1133 1068
1133 686
1133 720
1133 720
1133 720
1133 1068
1133 720
1133 718
1133 718
1133 1073
1133 720
1133 720
1133 1068
1133 1068
1134 1135
1134 686
1134 720
1134 718
1134 1068
1134 1068
1134 1068
1134 686
1134 720
1134 720
1134 720
1134 1068
1134 720
1134 718
1134 718
1134 1073
1134 720
1134 720
1134 1068
1134 1068
1135 1088
1135 686
1135 720
1135 718
1135 1068
1135 1068
1135 1068
1135 686
1135 720
1135 720
1135 720
1135 1068
1135 720
1135 718
1135 718
1135 1073
1135 720
1135 720
1135 1068
1135 1068
1136 1070
1136 768
1136 753
1136 686
1136 765
1136 1068
1136 1068
1136 753
1136 753
1136 753
1136 718
1136 720
1136 1068
1136 1068
1136 1068
1136 686
1136 720
1136 720
1136 720
1136 1068
1136 720
1136 718
1136 718
1136 1073
1136 720
1136 720
1136 1068
1136 1068
1137 1068
1137 1076
1137 1074
1137 686
1137 720
1137 718
1137 1068
1137 1068
1137 1068
1137 686
1137 720
1137 720
1137 720
1137 1068
1137 720
1137 718
1137 718
1137 1073
1137 720
1137 720
1137 1068
1137 1068
1138 1068
1138 1076
1138 737
1138 686
1138 720
1138 718
1138 1068
1138 1068
1138 1068
1138 686
1138 720
1138 720
1138 720
1138 1068
1138 720
1138 718
1138 718
1138 1073
1138 720
1138 720
1138 1068
1138 1068
1139 1068
1139 1076
1139 737
1139 686
1139 720
1139 718
1139 1068
1139 1068
1139 1068
1139 686
1139 720
1139 720
1139 720
1139 1068
1139 720
1139 718
1139 718
1139 1073
1139 720
1139 720
1139 1068
1139 1068
1140 1068
1140 1076
1140 737
1140 686
1140 720
1140 718
1140 1068
1140 1068
1140 1068
1140 686
1140 720
1140 720
1140 720
1140 1068
1140 720
1140 718
1140 718
1140 1073
1140 720
1140 720
1140 1068
1140 1068
1141 1068
1141 737
1141 1076
1141 686
1141 720
1141 718
1141 720
1141 1068
1141 1068
1141 1068
1141 686
1141 720
1141 720
1141 720
1141 1068
1141 720
1141 718
1141 718
1141 1073
1141 720
1141 720
1141 1068
1141 1068
1142 1068
1142 1076
1142 737
1142 686
1142 720
1142 718
1142 113
1142 113
1142 1068
1142 1068
1142 1068
1142 686
1142 720
1142 720
1142 720
1142 1068
1142 720
1142 718
1142 718
1142 1073
1142 720
1142 720
1142 1068
1142 1068
1143 1068
1143 1076
1143 737
1143 686
1143 720
1143 718
1143 1068
1143 1068
1143 1068
1143 686
1143 720
1143 720
1143 720
1143 1068
1143 720
1143 718
1143 718
1143 1073
1143 720
1143 720
1143 1068
1143 1068
1144 1068
1144 1076
1144 737
1144 686
1144 720
1144 718
1144 1068
1144 1068
1144 1068
1144 686
1144 720
1144 720
1144 720
1144 1068
1144 720
1144 718
1144 718
1144 1073
1144 720
1144 720
1144 1068
1144 1068
1145 1068
1145 1076
1145 1074
1145 737
1145 686
1145 720
1145 718
1145 1068
1145 1068
1145 1068
1145 686
1145 720
1145 720
1145 720
1145 1068
1145 720
1145 718
1145 718
1145 1073
1145 720
1145 720
1145 1068
1145 1068
1146 1068
1146 1076
1146 737
1146 686
1146 720
1146 718
1146 1068
1146 1068
1146 1068
1146 686
1146 720
1146 720
1146 720
1146 1068
1146 720
1146 718
1146 718
1146 1073
1146 720
1146 720
1146 1068
1146 1068
1147 1068
1147 1076
1147 737
1147 1074
1147 686
1147 720
1147 718
1147 1068
1147 1068
1147 1068
1147 686
1147 720
1147 720
1147 720
1147 1068
1147 720
1147 718
1147 718
1147 1073
1147 720
1147 720
1147 1068
1147 1068
1148 1068
1148 1076
1148 1074
1148 686
1148 720
1148 718
1148 1068
1148 1068
1148 1068
1148 686
1148 720
1148 720
1148 720
1148 1068
1148 720
1148 718
1148 718
1148 1073
1148 720
1148 720
1148 1068
1148 1068
1149 1070
1149 686
1149 718
1149 720
1149 1068
1149 1068
1149 1068
1149 686
1149 720
1149 720
1149 720
1149 1068
1149 720
1149 718
1149 718
1149 1073
1149 720
1149 720
1149 1068
1149 1068
1151 718
1151 720
1151 720
1154 720
1156 1154
1156 720
1156 720
1157 720
1163 1157
1163 720
1163 720
1164 720
1170 2100
1170 720
1170 2058
1173 1170
1176 1180
1179 1176
1179 1176
1180 1176
1180 1176
1180 1176
1181 1176
1183 784
1183 686
1183 686
1183 785
1188 1185
1213 1624
1236 1197
1236 1197
1244 1238
1246 1189
1246 686
1246 686
1251 1246
1251 686
1251 686
1254 1246
1260 1246
1260 1246
1260 1246
1261 1246
1269 720
1278 1292
1278 1398
1278 1403
1278 1403
1278 1403
1291 1286
1291 1286
1295 737
1295 1624
1295 753
1295 753
1317 1624
1318 1624
1331 1295
1331 1295
1333 1295
1333 1295
1338 1336
1356 1352
1356 1352
1364 1371
1365 1370
1372 1292
1377 807
1377 720
1377 720
1377 1269
1387 1385
1389 1385
1391 1390
1397 1292
1399 720
1399 720
1399 720
1403 1398
1405 777
1405 720
1405 1407
1405 720
1405 720
1406 1392
1406 777
1406 720
1406 720
1406 720
1406 677
1408 1407
1411 777
1411 720
1411 720
1411 720
1411 677
1412 1414
1414 1405
1414 1405
1416 1503
1416 1441
1416 1664
1416 1505
1416 1659
1416 1637
1416 1535
1416 1653
1416 1292
1416 1445
1416 1658
1416 1636
1416 1652
1416 1502
1416 1534
1416 1445
1418 1504
1418 1664
1418 1445
1418 1445
1418 1505
1418 1505
1418 1535
1418 1535
1420 1664
1420 1441
1420 1292
1420 1445
1420 1445
1421 1640
1421 1664
1421 1441
1421 1292
1421 1445
1421 1445
1421 1637
1421 1637
1423 1664
1423 1662
1423 1640
1423 1441
1423 1505
1423 1292
1423 1445
1423 1502
1423 1445
1423 1637
1423 1637
1423 1659
1423 1659
1425 1662
1425 1664
1425 1441
1425 1292
1425 1445
1425 1445
1425 1659
1425 1659
1427 1441
1427 1664
1427 1667
1427 1510
1427 1663
1427 1505
1427 1659
1427 3
1427 3
1427 1642
1427 1642
1427 1292
1427 1445
1427 1658
1427 1502
1427 1445
1427 1522
1427 1522
1430 1499
1433 1506
1433 720
1433 1445
1433 1658
1433 1636
1433 1502
1433 1445
1433 1505
1433 1505
1437 113
1437 1502
1437 1502
1437 113
1437 1502
1437 1502
1437 113
1437 113
1437 1502
1437 1502
1437 1502
1437 1502
1438 1437
1439 619
1439 1502
1439 619
1439 1502
1440 1439
1441 1292
1442 1444
1442 1444
1442 1444
1442 1444
1442 1444
1442 1444
1442 1444
1447 1446
1448 1664
1448 1505
1448 1659
1448 1637
1448 1504
1448 1662
1448 1640
1448 1441
1448 1510
1448 1535
1448 1635
1448 720
1448 1292
1448 1445
1448 1658
1448 1636
1448 1502
1448 1534
1448 1445
1448 1505
1448 1505
1448 1535
1448 1535
1448 1637
1448 1637
1448 1659
1448 1659
1448 720
1448 1501
1448 1501
1450 1500
1450 1499
1450 1501
1450 1502
1454 1664
1454 1505
1454 1441
1454 1510
1454 1635
1454 720
1454 1292
1454 1445
1454 1502
1454 1445
1454 1505
1454 1505
1454 720
1454 1501
1454 1501
1456 1500
1456 1499
1460 1441
1460 1664
1460 1667
1460 1510
1460 1663
1460 1659
1460 1637
1460 1535
1460 1642
1460 1642
1460 113
1460 1292
1460 1445
1460 1658
1460 1636
1460 1534
1460 1445
1460 1522
1460 1522
1460 113
1460 113
1460 1438
1460 1438
1460 1533
1460 1533
1461 1062
1461 1460
1461 720
1461 1063
1463 1500
1463 1499
1469 1420
1469 1438
1469 1663
1469 1510
1469 1642
1469 1642
1469 1437
1469 1653
1469 1653
1469 1666
1469 1666
1469 1292
1469 1445
1469 1445
1472 1441
1472 1664
1472 1667
1472 1510
1472 1663
1472 1659
1472 1637
1472 1642
1472 1642
1472 619
1472 619
1472 1292
1472 1445
1472 1658
1472 1636
1472 1445
1472 1522
1472 1522
1472 1440
1472 1440
1475 1499
1478 1420
1478 1440
1478 1663
1478 1510
1478 1642
1478 1642
1478 1439
1478 1292
1478 1445
1478 1445
1482 1441
1482 1653
1482 1664
1482 1663
1482 1292
1482 1445
1482 1652
1482 1445
1482 2088
1482 677
1485 2088
1485 677
1495 1423
1495 1505
1495 1659
1495 1637
1495 1663
1495 1510
1495 1658
1495 1636
1495 1502
1495 1292
1495 1445
1495 1445
1495 1637
1495 1637
1495 1659
1495 1659
1497 1424
1501 1502
1502 720
1502 720
1504 1505
1504 1505
1504 1535
1504 1535
1505 1502
1506 1505
1506 1659
1506 1637
1506 1664
1506 1663
1506 720
1506 1445
1506 1658
1506 1636
1506 1502
1506 1445
1506 1505
1506 1505
1511 1441
1511 1664
1511 1667
1511 1663
1511 1659
1511 1637
1511 1662
1511 1640
1511 1504
1511 1505
1511 1535
1511 1510
1511 1068
1511 1068
1511 1292
1511 1445
1511 1658
1511 1636
1511 1502
1511 1534
1511 1445
1511 1505
1511 1505
1511 1535
1511 1535
1511 1637
1511 1637
1511 1659
1511 1659
1515 1499
1518 750
1518 1292
1518 711
1518 711
1520 1292
1522 1521
1523 1664
1523 1522
1523 1663
1523 1445
1523 1445
1523 1521
1524 1371
1529 1420
1529 1533
1529 1510
1529 1642
1529 1642
1529 1532
1529 1447
1529 1447
1529 1292
1529 1445
1529 1445
1532 113
1532 718
1532 113
1532 720
1532 720
1532 113
1532 113
1532 720
1532 718
1532 718
1533 1532
1534 718
1534 720
1534 718
1534 720
1534 720
1534 718
1535 1534
1536 1441
1536 1664
1536 1535
1536 1510
1536 1504
1536 1292
1536 1445
1536 1534
1536 1445
1536 1505
1536 1505
1536 1535
1536 1535
1539 1624
1541 711
1541 1624
1567 2100
1567 2058
1568 1418
1568 1625
1568 1667
1568 1510
1568 1441
1568 712
1568 1635
1568 807
1568 720
1568 1292
1568 711
1568 1505
1568 1505
1568 1535
1568 1535
1568 807
1568 1445
1568 1445
1571 1568
1571 1504
1572 1419
1573 1499
1579 1292
1587 1292
1589 1441
1589 1664
1589 1510
1589 1663
1589 1292
1589 1445
1589 1444
1589 1444
1589 1445
1589 1444
1589 1444
1592 1653
1592 1666
1592 1664
1592 1663
1592 1445
1592 1665
1592 1652
1592 1445
1596 1504
1596 1662
1596 1640
1596 1664
1596 1441
1596 1510
1596 1438
1596 1533
1596 1440
1596 1292
1596 1445
1596 1445
1596 1505
1596 1505
1596 1535
1596 1535
1596 1637
1596 1637
1596 1659
1596 1659
1596 1532
1596 1437
1596 1439
1599 1416
1599 1667
1599 712
1599 711
1599 1658
1599 1636
1599 1502
1599 1652
1599 1534
1599 810
1599 810
1599 1292
1599 1445
1599 1445
1601 1599
1601 1503
1602 1417
1603 1499
1612 1506
1612 720
1612 1445
1612 1658
1612 1636
1612 1502
1612 1445
1612 1505
1612 1505
1616 1441
1616 1664
1616 1438
1616 1533
1616 1440
1616 712
1616 1292
1616 711
1616 1445
1616 720
1616 1445
1616 1532
1616 1437
1616 1439
1616 720
1616 720
1616 764
1616 764
1616 764
1616 764
1618 1499
1626 1447
1626 1535
1626 1664
1626 1441
1626 1663
1626 1292
1626 1445
1626 1534
1626 1445
1626 1446
1635 720
1636 720
1636 720
1636 720
1636 720
1637 1636
1638 1421
1638 1505
1638 1510
1638 1502
1638 1292
1638 1445
1638 1445
1638 1637
1638 1637
1639 1422
1640 1637
1640 1637
1642 1641
1643 1642
1643 1505
1643 1659
1643 1637
1643 1664
1643 1663
1643 1441
1643 1510
1643 1642
1643 1642
1643 1292
1643 1445
1643 1658
1643 1636
1643 1502
1643 1445
1643 1641
1652 2088
1652 2088
1652 677
1652 2088
1652 677
1653 1652
1654 1423
1654 1505
1654 1659
1654 1637
1654 1663
1654 1510
1654 1658
1654 1636
1654 1502
1654 1292
1654 1445
1654 1445
1654 1637
1654 1637
1654 1659
1654 1659
1656 1424
1658 720
1658 720
1658 720
1658 720
1659 1658
1660 1425
1660 1505
1660 1510
1660 1502
1660 1292
1660 1445
1660 1445
1660 1659
1660 1659
1661 1426
1662 1659
1662 1659
1664 1445
1664 1445
1665 2088
1665 2088
1666 1665
1669 955
1669 956
1670 113
1670 1695
1670 714
1670 720
1670 718
1670 714
1674 1670
1676 1670
1676 1049
1676 113
1676 1695
1676 714
1676 720
1676 718
1676 714
1678 1049
1678 1048
1680 768
1680 765
1680 113
1680 720
1680 720
1680 113
1680 720
1694 1680
1695 720
1696 1695
1696 720
1698 1062
1698 113
1698 720
1698 1063
1698 1695
1700 1026
1700 1026
1710 1700
1711 1026
1711 1026
1715 1026
1715 1026
1726 1026
1726 1026
1729 1046
1729 1046
1736 720
1736 1026
1753 1026
1753 1026
1759 1026
1759 1026
1759 1736
1761 1759
1761 1026
1762 1049
1762 1048
1763 1026
1763 1026
1763 1026
1766 1026
1766 1026
1766 1026
1780 1026
1780 1026
1780 1026
1780 1763
1798 1905
1798 1906
1798 1907
1798 1292
1798 720
1798 1900
1798 1904
1798 1900
1811 1905
1811 1906
1811 1907
1811 1292
1811 720
1811 1900
1811 1904
1811 1900
1830 1905
1830 1906
1830 1907
1830 1292
1830 720
1830 1900
1830 1904
1830 720
1830 720
1830 718
1830 113
1830 115
1830 720
1830 714
1830 714
1830 1900
1871 1905
1871 1906
1871 1907
1871 1292
1871 720
1871 1900
1871 1904
1871 2088
1871 720
1871 618
1871 1900
1898 1292
1898 720
1898 965
1898 965
1900 1910
1900 1905
1900 1905
1900 686
1904 686
1904 686
1905 1904
1906 720
1906 1900
1906 1900
1907 1292
1910 1905
1910 1906
1910 1907
1910 1292
1910 720
1910 720
1910 784
1910 1900
1910 1904
1910 1900
1910 785
1910 720
1910 1027
1939 2065
1939 1906
1939 1900
1939 1900
1939 720
1942 1944
1942 714
1942 714
1942 714
1942 714
1942 714
1942 714
1943 1944
1943 714
1943 714
1943 714
1943 714
1946 1944
1947 1944
1947 1965
1947 1964
1955 2100
1955 1947
1955 1946
1955 2058
1958 1947
1959 1944
1959 1966
1959 714
1959 714
1959 714
1959 714
1959 714
1959 1965
1959 714
1959 714
1959 1965
1959 1964
1962 1963
1962 1963
1963 1959
1965 1964
1966 714
1966 1965
1966 714
1966 714
1966 1965
1966 1964
1968 2100
1968 2058
1971 2004
1971 2004
1971 2006
1971 2006
1975 1024
1975 1059
1975 1059
1975 1059
1975 1059
1975 1059
1982 2004
1982 2003
1982 2009
1982 2009
1982 2006
1982 2006
1986 2009
1986 2008
1986 2011
1986 2011
1986 1982
1986 1982
1992 1995
1996 2004
1996 2006
1996 2009
1996 2011
1996 2003
1996 2008
1996 2010
1996 2005
1996 2004
1996 2004
1996 2009
1996 2009
1996 2011
1996 2011
1996 2006
1996 2006
1999 2011
1999 2010
2003 1975
2003 1975
2003 1975
2004 2003
2006 2005
2008 1975
2008 1975
2009 2008
2011 2010
2012 2015
2012 718
2012 720
2012 2013
2014 2018
2014 2024
2014 720
2014 718
2014 718
2014 720
2014 2015
2014 2015
2014 2013
2014 2013
2015 2013
2016 2018
2016 720
2016 718
2016 2015
2016 2015
2017 2016
2017 2018
2018 720
2018 718
2018 2015
2018 2015
2019 2015
2019 718
2019 720
2019 2013
2020 2015
2020 718
2020 720
2020 2013
2022 2015
2022 718
2022 720
2022 2013
2024 2013
2026 2029
2026 2029
2026 2029
2026 2029
2029 2026
2029 2026
2029 720
2029 2026
2029 2026
2030 2029
2031 2030
2031 2029
2032 2030
2032 2029
2035 2029
2037 2029
2038 2037
2040 2039
2041 2100
2041 2040
2041 2030
2041 2040
2041 2029
2041 2030
2041 2058
2045 720
2045 714
2045 2052
2047 2052
2047 2051
2049 2045
2049 677
2052 2051
2053 2058
2053 2058
2053 2058
2054 720
2054 714
2056 2054
2059 2058
2059 2058
2059 2058
2060 714
2062 2060
2062 2088
2065 720
2078 2065
2082 2058
2082 2058
2082 2058
2083 720
2083 2088
2083 2088
2083 714
2083 714
2083 2088
2083 2087
2088 720
2088 720
2088 714
2088 714
2088 714
2091 2058
2091 2058
2091 2058
2092 2099
2092 2058
2097 1194
2097 2092
2097 2058
2097 2058
2098 2092
2098 2092
2099 2058
2100 2099
2100 2058
2101 2105
2101 720
2101 1292
2101 720
2101 720
2101 714
2101 2088
2101 2088
2101 2115
2101 2058
2105 2100
2105 2121
2105 1292
2105 720
2105 720
2105 714
2105 720
2105 2088
2105 2088
2105 2115
2105 2058
2106 2052
2106 2051
2115 2100
2115 2087
2115 2105
2115 714
2115 2088
2115 2088
2115 714
2115 714
2115 718
2115 2058
2120 714
2120 720
2120 720
2120 714
2120 720
2120 720
2121 2120
2123 714
2123 677
